5
10000 10000 135
2024 2101
1173 2244
1329 2818
5824 8301
3362 7890
2867 3778
3160 3193
6257 8558
1876 7473
4019 8096
164 8949
5941 6519
6460 7465
1468 8047
2510 3970
954 4610
2126 5993
3206 3673
1295 9029
1973 4657
2102 6918
3875 6430
132 1646
1339 3521
3956 5358
2904 7969
1873 3909
4684 9422
7468 7725
235 6151
7105 7789
3781 4844
5582 8049
3229 3805
2130 3430
347 4237
4231 8111
3128 5877
4467 4594
5749 8549
3717 9824
1696 7805
3978 7226
1702 2732
1046 8882
1936 8834
2338 3132
4272 8967
1180 9123
961 7500
1252 1736
1835 7660
787 6198
792 7711
5253 9811
1428 9340
3496 3528
3857 9476
722 2207
5558 8119
3846 7440
3304 6130
6977 8622
401 4508
4252 7745
5348 5469
3128 5987
2184 7182
1244 3914
5519 9327
1055 5019
934 3298
8514 9125
4790 5587
347 7683
3705 5123
3361 4192
1252 7520
1982 8004
2028 6078
2255 7496
4593 7778
4959 6975
3128 7240
2455 2555
2758 9961
2408 7473
2338 7246
1532 2035
7925 9215
7981 8733
689 9277
7693 8292
6796 9675
5175 6295
2104 4901
9022 9881
5996 9493
1192 2620
98 3236
1426 2345
58 5250
1104 7303
2636 7588
1864 5689
4421 8202
5242 6196
3697 3889
3533 6845
6179 9915
2018 2019
1079 7393
1899 6923
3388 9442
2975 5894
7320 9539
5320 5948
6423 8921
3250 6508
5410 8938
4723 9963
919 9710
5204 9759
4807 5088
1073 2955
1266 4973
3090 8696
1340 2365
2105 5618
781 1512
5079 6671
6750 8831
2618 7751
5867 9525
611 4934
10000 10000 156
1249 1685
2603 7218
6452 6976
3761 7892
4833 9930
1254 9157
7853 7923
5614 9971
3470 8427
1333 2747
3505 9417
163 255
4266 8387
605 9779
1064 1228
1761 2912
2312 5330
1867 5116
2305 5627
3007 8586
460 8515
4734 9839
6161 6367
6189 6699
4587 9445
7521 8092
4036 5214
3600 4698
828 4653
4204 5880
2316 8243
555 5143
7009 7645
2022 6301
1380 2636
4886 9447
1077 9894
532 2613
3589 7230
5153 8176
3027 9025
2619 4592
3668 9412
4064 4543
4495 8746
2737 6295
1438 7414
1410 9643
4798 8016
3785 7711
8948 9395
5641 9583
114 6376
4605 9965
3696 9757
3074 8140
7110 8781
7665 8193
777 8559
1623 8608
3656 4903
711 1069
354 2692
3841 8831
2893 8369
4116 7626
1840 7208
4568 9756
712 3674
3721 4532
468 9023
5600 6794
810 6132
144 3260
5104 9368
3023 4882
5592 6358
444 5401
2297 9274
7018 9241
2166 3218
357 1133
6778 7240
451 4924
7951 9455
4171 4770
4829 7316
369 960
4477 6865
571 3844
1968 5452
3218 8325
3661 7396
3725 9692
2965 9286
1451 6709
2535 4193
8160 9312
1432 3083
5734 9762
284 8890
503 3718
872 3951
1030 8427
4088 7952
2270 6055
1839 9756
4379 7151
4455 5500
1137 3194
3771 6255
2588 6305
6799 7099
5616 8231
1729 6533
3964 5422
4467 8364
2314 5492
1690 2873
740 5777
7176 9361
6931 8183
1200 8913
433 3051
3367 3627
4187 7137
3126 6233
3031 9794
224 5409
3109 7613
3490 7929
1853 8530
373 8747
436 4167
4906 9597
2564 6773
619 7098
1818 3703
4136 6010
1220 5728
1758 4114
346 9216
4884 9009
1459 9728
770 7341
4259 4567
5269 9449
367 6111
277 6173
5770 7154
1535 9717
2153 2542
2596 3166
322 9175
1541 6731
4902 7196
10000 10000 298
3893 4117
3126 4533
2344 3621
3895 7313
6910 8153
2710 8933
4263 9299
892 8883
4652 6452
2426 2520
3545 4578
5685 6140
4859 4899
2791 9223
6112 6418
228 2440
311 6973
283 9705
9316 9951
2577 7595
4455 6527
1639 5070
521 2177
5961 8628
1524 4738
1147 5068
3183 9315
565 7559
6781 8041
504 9707
2146 3199
731 9861
5470 6788
143 4785
6738 7737
3714 7545
615 5352
2614 2791
2224 4926
99 7770
5268 9663
5166 5329
8450 9076
2245 2842
1951 5857
3345 5407
427 448
5267 5918
5409 7214
304 7054
767 9497
6463 7848
2470 6813
1045 9253
1738 3374
1143 1400
2660 8641
6728 7090
1736 5324
7592 9931
3275 7274
7721 9350
53 4616
7267 9990
6376 7044
3922 5872
1769 4162
2334 2984
4933 7938
4028 6670
1523 7663
4421 6303
4182 7500
2269 9744
2823 9674
96 6212
5561 9300
4168 9352
176 510
2970 6551
6891 7553
8066 8774
5011 7459
1049 6295
1429 1748
2964 9410
7384 9303
5712 9836
1235 1807
2105 4057
1480 4668
504 7131
229 1024
2835 6756
1533 2156
3307 5437
5399 8432
3502 6761
903 5891
3056 3990
6019 8683
3400 4337
5463 9755
989 4172
2628 7270
5046 5101
1901 7296
7524 8584
1418 2924
4279 4456
3937 9925
5323 9892
2369 9746
2084 4611
648 5139
5682 8600
7509 8351
18 3615
3814 4189
4604 7435
6001 6817
2535 4112
1118 7901
825 7987
2265 8887
1632 5164
2554 7876
486 1274
7621 8921
4620 5884
411 835
301 4272
5538 6670
7886 9351
7210 8841
378 6785
4841 5671
4489 9094
6789 8827
2027 6270
4253 7444
7190 9997
2128 4028
1270 9748
2948 3505
4367 9711
691 1019
3982 6228
1867 7688
1930 4898
7060 8714
1900 5275
4385 6116
7345 7525
1294 9966
8737 9551
3093 4219
5085 6346
6354 7120
67 6094
6210 6812
6901 9777
110 7831
1870 9480
1410 8329
3119 5388
4746 6475
859 3639
861 984
4735 8506
638 7301
1519 7243
2327 3730
849 4217
5033 6662
1242 7267
3396 3473
4494 7655
3505 3974
1833 9525
2643 5383
1857 7220
859 7388
4600 9068
154 8194
3106 5494
6700 7143
872 3365
7581 9026
410 8072
4242 5339
1652 4066
2497 8734
1721 8590
2822 7597
4556 6775
3994 6591
331 2765
1204 8184
4930 5749
4387 8337
5480 7595
959 1086
2703 6464
775 4891
5484 6873
2465 4876
7550 9549
3725 7621
6139 6546
2913 5217
1102 1808
218 3259
814 2138
3419 8401
6563 6737
509 7806
5243 8568
1271 1467
2709 8058
1283 8397
861 8192
2510 4092
6234 8410
900 1713
6929 9132
165 6585
5088 9775
6802 7225
588 5202
3502 6996
1153 8290
362 3210
6395 8180
805 832
888 9228
2087 5431
4596 6440
1201 9523
7182 7587
2100 6313
4515 8616
2897 5955
8390 9698
3179 5330
174 1251
5183 9540
5545 7678
2749 4073
3580 3724
964 1229
3315 9159
5598 6394
2268 4262
1443 3150
1602 9854
721 7755
217 7003
4959 6675
6205 6700
4302 6640
2731 8174
408 3842
2942 3718
832 3794
2060 2874
1109 2032
1726 3854
3982 5988
6122 7131
2327 3782
7889 8732
5301 9399
4891 6073
259 7943
2278 3250
1360 2244
1423 2437
1493 1767
5379 8951
1638 4604
1010 2746
2736 2987
6599 6968
5075 9072
451 5208
5534 7751
3096 7149
834 4339
3222 7444
1851 8633
693 7228
2116 9562
1328 9665
1395 3608
278 5245
5998 7640
4342 8984
10000 10000 727
940 2304
6364 8153
2754 3360
466 8287
6456 7614
5473 7146
2916 7187
5389 5778
3005 3609
4950 5724
2630 9021
415 5683
927 9259
2764 6898
5268 8100
2559 9976
403 8128
5274 9508
1488 5739
4146 4295
3353 5970
1440 6891
3569 8886
2280 2494
6573 7229
1946 4569
251 6210
2360 5469
1476 7529
2796 8718
5927 8694
1706 2681
3332 6821
2188 4660
2685 9070
8774 8954
6745 8655
5665 7540
313 4296
3238 6385
953 7876
4086 5183
3894 7555
5083 5906
1721 4623
4230 7647
3316 5935
327 6489
8866 9266
1148 4688
6454 7903
6557 9813
1829 3198
448 9863
3184 6124
3100 4000
488 4634
4437 8042
342 4879
3124 6600
4964 7353
598 4632
925 9639
5257 7472
4971 9790
4044 9944
1424 9756
600 974
1585 7399
836 4060
287 6934
7421 8059
1272 8847
5462 6150
4937 9188
504 9101
2289 9699
1487 1928
623 5310
6764 7184
280 3479
808 8056
7759 9586
1170 9029
1510 6216
1582 8443
6502 9640
2216 7773
7677 8487
274 4026
2614 9375
1254 4529
2367 9073
6047 9533
6716 7676
7956 9162
6321 6546
6011 6132
432 1391
1941 3653
5234 7606
459 6735
1226 8950
6064 8231
2979 4856
89 1944
970 4230
3197 9654
2730 3336
2052 7364
1214 5797
1671 2343
3886 4033
4317 8474
5423 8478
2609 9380
3712 5696
4937 9838
4420 4645
3975 7352
7440 9275
5918 9857
4761 9115
4449 9510
1562 1844
1812 7640
9127 9834
3012 6334
1159 3866
3681 9288
6289 9637
8667 9700
1984 8504
988 2981
8339 9275
6955 8549
2130 2873
6891 8405
7915 8339
6534 7691
5828 5854
525 1306
5687 6859
4317 9552
7997 8017
4005 5191
638 3857
56 2621
1043 8712
1953 7986
5260 5733
2886 7863
1291 8132
1105 2822
5557 8795
7736 9355
1000 9879
6686 9041
3357 6737
1106 6237
1427 7706
1462 8343
1518 1635
346 7315
2560 5620
4645 4683
879 7568
2507 5362
5210 9963
7118 8183
5109 7537
4853 6108
3893 7415
504 2793
3602 5381
1609 7659
3070 3159
2353 4793
939 6019
1490 3499
1638 2524
2516 4495
6443 7001
1653 7877
2411 3315
8423 8770
9947 9975
882 7362
26 219
3820 7865
5406 5825
7830 8564
182 5246
6185 9708
1197 6201
4190 6035
529 3720
162 3058
3881 7286
7195 8166
6936 9697
1969 9643
3262 9202
3356 3480
7572 9227
3652 4632
1481 9748
4994 9547
8015 9254
1178 4215
3564 6802
521 4756
4092 7813
4324 7034
5099 5200
4795 7870
8487 9838
789 1748
497 5391
1579 4617
5230 8068
4168 5600
5146 6711
4725 9161
751 6690
5291 7552
46 6605
696 4424
1457 4211
1371 9309
3008 9240
455 7846
5429 7595
819 5945
7524 8091
2511 5435
1034 2753
5815 6678
2531 5838
3281 6891
2181 8879
5483 7184
1607 8579
2530 2789
252 9415
2423 8449
5255 9491
1271 6620
2565 2849
940 2089
88 3875
3450 9192
127 1260
142 5007
1897 2316
3422 7546
430 6957
9008 9380
1909 8563
4329 8148
2160 2948
3103 8002
8202 9723
1050 9272
2287 7712
8341 8726
1586 1790
4269 9197
8268 9275
6935 9338
7524 9111
4480 7953
3859 6067
981 3312
2119 7811
630 5309
7110 8412
5311 8631
4254 4486
2712 3124
1053 1965
8201 9902
2469 9194
5450 7462
4787 8096
4396 5619
249 8876
2667 9923
9086 9586
1205 3647
3748 5308
857 8186
71 3169
4556 6167
5230 7422
4031 5739
2231 6282
1992 5476
4699 7442
9146 9289
3684 8580
4764 8829
1038 8911
7847 7997
1494 6975
722 5553
90 3153
1578 9575
3258 7744
4130 7032
4512 9326
2770 5607
1113 6742
7434 7792
6722 8554
3486 6938
6758 8053
2020 8666
6512 9091
16 6065
1920 4357
3139 7509
2010 4716
1619 7083
7564 8812
8137 8650
7771 8427
95 5168
7529 8884
7437 9312
602 6249
3711 7274
653 5939
5731 6095
2098 2451
6807 8512
1650 4018
668 2379
4102 6365
349 5176
8018 8999
6444 9664
6769 9759
5652 7964
3639 7275
4240 9441
6714 9875
527 4303
33 9005
1455 2974
1485 2130
2499 4613
3134 5280
1229 5850
1578 5734
3751 7378
576 7041
194 7344
4509 6799
437 9348
1783 5140
1029 8009
1853 5331
857 4888
5363 7861
3844 8663
3276 9345
6343 8830
4907 7571
4679 6992
2056 9148
742 9723
7288 9097
2247 3419
1796 9118
9036 9931
64 4257
2461 7939
1746 2826
3460 9670
686 8332
6382 7303
3645 7959
5211 9218
6242 7568
6209 6715
3303 4649
97 2790
590 2560
2344 8737
1379 8029
2285 5019
7794 9310
4745 9539
766 2135
2998 9173
6652 9098
1906 3408
3469 6649
2625 4216
8834 9710
4358 7282
2136 6423
807 9077
3150 8982
3362 4165
880 9184
5025 5646
6743 8493
4563 6979
3912 7508
2503 2957
4409 6915
3563 6365
5341 7877
3938 7778
526 1412
2661 4647
5453 7834
3168 8089
2254 4954
5833 6529
1437 2175
857 6281
1771 5269
3259 9128
2034 5762
2085 8949
4801 6522
4398 8863
6493 6641
4687 7019
8052 9333
2237 6031
1138 4120
5404 6091
1933 2725
513 8276
459 9132
5727 6793
6403 7255
1206 5640
2164 3290
4588 8685
3451 4442
935 9434
4120 6443
846 7953
3983 9805
942 3082
4454 8486
7032 7178
5307 6770
7228 7690
791 834
4397 9306
511 7237
36 5752
153 976
946 4437
222 778
1880 7220
694 6184
498 4417
3850 6519
1439 7324
2335 4822
4502 5456
129 8543
7271 9035
5729 8340
2965 8019
5203 8054
5355 8716
9029 9504
6300 9806
4532 6078
3377 6771
4145 7067
3585 7268
5058 7995
909 6681
1762 9879
2137 6359
1171 6656
2384 3629
5863 7999
1065 1700
6053 6768
1433 2771
2623 5422
7591 8700
7319 9953
3372 5470
1464 9089
6956 9458
4146 4216
4025 6138
2329 8274
383 8985
364 5797
1368 1659
8362 9420
766 9075
1845 6187
2199 8809
3618 6141
7509 9923
3459 9330
3294 4922
249 4771
4379 8916
817 6869
3145 9292
5142 9675
2129 7290
6390 9849
1103 5300
726 9268
1806 1869
419 8922
614 2540
4474 6559
17 2462
156 5755
4926 4939
2355 5669
3171 3841
2537 3133
4031 6316
4796 9159
1320 5548
2972 4644
263 3002
3697 4870
2068 2619
5288 9034
1846 5158
3507 7619
3662 8215
3153 9725
2079 8587
2428 8821
5250 7710
1912 7917
1070 1740
2712 3059
2969 3708
5970 6030
322 6079
2390 7192
2479 8697
1423 3854
677 1281
7824 8891
4943 7548
3529 8395
3567 5978
2308 7579
571 1276
3015 5495
1640 4559
960 2426
4618 4807
4939 6930
473 885
3680 5933
2951 5102
9786 9979
3961 6383
5221 7677
7860 9967
3838 7557
3534 6217
1161 1416
3263 6787
528 4779
4173 9305
2090 8790
4111 5371
1348 3728
3760 5843
5146 7280
3418 8861
1595 5124
3730 6697
1590 5623
3180 6663
1779 6548
5748 9546
2534 4061
2808 4588
3664 6980
3892 5754
2121 4354
1124 2201
2053 6967
5685 5960
1172 2112
3587 9102
2831 9119
4741 6635
772 3298
2550 4272
19 6197
257 2096
1255 8905
1196 2568
1439 4587
4673 6707
5793 5797
4197 5259
1218 9115
7578 9881
5334 8742
1164 7860
7799 8165
5288 8952
3224 7448
4190 9996
6285 9594
253 8498
3891 7800
7418 8477
8442 9239
1383 1536
4238 6794
5579 9704
4364 5460
7281 9457
793 4797
5309 7316
2619 8947
6394 6949
1138 2194
1788 6389
2993 3774
6637 7664
406 793
6141 6383
7676 8848
7765 9437
821 9695
1536 9141
1506 2773
992 2299
4659 7569
3959 6515
7259 7278
5823 9260
5649 8396
2169 3962
599 4993
5785 9833
2325 7356
2167 2555
6283 6352
3524 8344
3836 5978
5060 7483
6051 6608
529 6133
6444 7062
3395 4339
2655 3702
6513 8450
475 4655
618 9647
6802 7425
1784 4780
302 5478
1829 3687
2030 6585
1705 2562
5865 6764
6396 8824
2529 9166
6227 9352
2747 8972
6917 9025
5401 9782
6407 7474
256 4444
6053 7680
1245 4188
3075 8811
2497 4490
1255 7426
2959 4526
6742 9987
2734 6074
1592 5566
4917 5262
585 4170
1087 4015
5767 5962
868 3435
2173 7475
4578 7878
5154 5475
3964 8765
4901 9606
2813 6155
7031 7338
3369 5466
432 1539
5997 6103
3130 7716
913 7300
4928 8301
4262 4738
1957 7046
4048 9219
8278 9431
936 3796
3752 8912
4899 5004
7711 8518
1158 5548
1401 6623
1832 8917
4514 5019
4180 7643
5092 9086
1294 7386
2383 6371
3417 7999
10000 10000 339
8399 8987
121 6676
1056 2782
6779 8045
1782 2307
6369 6562
8462 9291
4121 5914
2304 3730
5100 6779
773 6483
1575 4185
2067 7923
801 4297
4065 5921
4319 5140
1612 3051
2184 7346
2668 4124
1326 6581
5905 9494
5196 7694
1815 7955
7461 8036
470 591
3135 6953
1363 7320
4879 9781
1594 9175
582 7514
2073 9592
8185 8994
3684 5530
6351 7530
4110 9654
1910 4028
1722 3603
1558 3457
7269 9888
357 9593
7859 9080
3661 9222
2751 8539
4344 9002
4066 5935
3657 8209
6393 8007
1691 2650
179 8275
4280 4393
640 8421
4243 6189
5998 6494
2152 2733
3266 8096
1125 9441
3102 7175
6698 9925
2051 7992
2057 4268
2477 7986
2344 5713
4715 5221
3495 4034
1245 4779
1885 4126
6667 9551
2396 2479
2664 4630
1480 2281
2725 7272
3405 9900
6454 6725
4717 6176
6796 8505
2842 6773
8838 9272
844 5185
5571 9904
691 7500
4816 6701
6251 9384
1482 8214
4145 4998
2843 6477
5568 6426
3748 6182
473 1819
7994 8988
1541 7492
4789 8313
412 6685
1869 3502
3405 7608
3791 8298
491 905
3113 6640
3093 4595
4854 8090
5091 7696
918 7868
4666 9615
4050 7785
1490 3037
2131 3030
3271 6880
3564 7694
1196 3683
1784 7642
4600 5575
1856 5939
2417 9051
5510 8496
3349 9997
5088 9951
869 7396
3363 9307
1886 9708
1147 3375
2744 3277
2756 5975
449 6548
5890 6582
4026 7996
4223 8948
5952 6513
803 8368
5563 9298
229 1912
180 8998
2746 3351
1048 2657
2933 6108
2365 7254
1460 2659
5414 6883
3430 7435
2214 9676
210 6363
3701 6937
6004 9157
3449 6311
4372 5363
4600 5609
958 7274
624 4779
2178 3703
3281 9810
1997 5110
3416 4120
298 3456
7242 9533
79 8099
6441 6918
4660 6970
3816 9729
2974 3177
126 3697
2086 8539
2165 4648
3044 5779
3098 9140
7956 8772
2908 9418
768 2675
3537 4224
2972 9422
3050 7817
1086 7520
2179 5842
1922 4408
2346 7381
5098 8823
7429 9988
2076 7261
6656 8504
7644 7854
5810 9753
6415 9012
1579 7183
1686 5115
4657 7758
888 5574
4058 4759
3012 6251
3289 7419
1986 8172
4799 9621
809 8579
4421 5961
654 4464
1076 8508
828 2107
669 4874
2247 9840
1525 8408
3713 6165
2534 4601
2943 8090
1101 9359
5546 9000
3717 4871
985 6021
1793 9690
4599 5650
5253 6213
113 3640
112 8572
780 4468
659 3445
8204 9378
8535 9442
4368 7420
4042 8809
363 9753
5908 6262
1132 8752
5976 9736
5665 7153
7881 8103
445 7666
3355 4131
4085 9818
4904 9054
2498 6949
1914 6326
448 701
1420 2120
6161 7868
4582 6580
2265 9193
489 7368
325 2816
3456 3829
1336 4833
1931 2498
1638 8132
6628 8568
5681 7807
3471 4756
1736 4530
1582 7433
2184 9552
6403 9353
2065 5933
984 4329
1477 7824
1801 8049
639 1504
1981 5471
264 9191
4321 7322
7300 8253
2242 6059
2064 2981
3862 7166
951 3800
1796 5983
1148 6854
8737 8918
3432 9720
4909 9599
7543 7647
3061 4533
1394 5502
4 4692
4324 8009
6261 8365
1623 6958
955 8671
2189 9022
1169 2821
2964 3139
5155 6344
463 3891
247 5262
1212 9962
5155 7504
4567 5210
711 2036
5960 8391
1754 3968
6470 9066
6580 7041
1603 3428
2449 4347
143 5515
1621 9633
3127 4830
1645 5976
7017 7589
1891 6978
7045 8800
361 833
7963 9220
275 1071
3963 9176
594 9380
5646 7174
5425 6420
767 5128
5270 7873
2633 5845
3815 4902
877 8971
2339 5459
7349 8466
3617 9316
745 6500
3978 8707
1400 2071
6033 8981
576 9575
2573 5413
3100 8184
4579 7997
2221 5302
7935 9848
1101 8065
7035 8101
1977 3559
6794 9373
5040 7259
6763 8003
740 7891
6709 9961
2042 8491
2346 5418
7758 7968
4342 7419
2338 5941
1997 7595
910 1844
1881 8974
2944 9981
1272 2360
3539 8084
797 4418
7532 9475
