100 62 103
0.7
4 106
7 172
37 98
44 160
47 34
57 11
67 89
68 183
85 99
158 5
159 77
161 41
177 72
185 111
195 166
201 129
220 31
225 76
236 117
251 115
271 27
280 92
309 129
337 83
354 167
361 49
363 98
379 190
383 26
388 70
401 10
404 169
412 52
415 123
425 34
432 73
479 69
488 82
490 192
536 130
542 157
553 60
560 174
573 177
588 7
589 48
593 198
600 59
619 168
626 124
629 126
636 168
641 66
649 146
654 120
658 122
668 8
672 37
688 136
690 38
710 166
712 161
718 8
727 72
740 59
744 131
784 98
785 133
790 54
795 127
798 59
806 157
807 136
813 153
819 65
823 168
828 182
832 53
846 54
863 119
872 73
875 51
881 53
882 88
884 119
888 139
898 17
902 150
904 194
909 179
916 199
918 196
929 29
936 123
948 174
964 148
966 44
971 123
982 39
1091 110
1100 178
100 49 69
0.7
5 97
7 102
8 46
14 55
19 180
32 178
46 100
51 196
59 96
77 26
84 48
87 143
96 112
115 46
117 54
119 190
128 78
132 98
169 77
178 122
198 157
202 171
217 155
223 36
232 65
239 144
244 115
255 153
262 92
269 22
273 39
275 153
278 9
285 195
288 158
307 48
311 170
318 77
326 140
351 81
360 80
367 22
383 17
389 127
399 80
408 160
420 66
423 141
428 117
515 113
521 6
531 95
539 134
552 158
567 190
570 183
593 16
619 19
637 133
651 95
657 48
664 85
669 72
674 141
683 67
686 169
718 168
720 153
740 93
747 128
780 150
789 154
797 69
822 104
851 120
892 168
906 6
910 34
912 183
924 21
935 181
947 75
970 111
972 4
986 92
988 87
1007 196
1016 114
1017 119
1023 20
1029 170
1033 111
1035 145
1036 7
1040 72
1042 131
1046 75
1050 156
1056 187
1064 142
1069 197
0
