100
2 4
10 5
3 12
7 7 7
3 12
4 2 1
5 1000000000
25 25 25 25 25
2 2
1 1
5 5
1 1 1 1 1
5 448257424
1 2 3 4 5
5 915742169
18 7 21 11 25
5 637897828
10 10 10 10 10
5 251342613
4 4 4 4 4
5 841588464
8 8 8 8 8
5 45635823
5 5 5 5 5
5 990726258
14 14 14 14 14
5 211794038
12 12 12 12 12
5 630671517
11 11 11 11 11
5 759113367
8 8 8 8 8
5 625737238
9 9 9 9 9
5 533474834
8 8 8 8 8
5 689174172
4 4 4 4 4
5 547954724
8 8 8 8 8
5 472931500
20 20 20 20 20
5 183926783
21 21 21 21 21
5 579203507
8 8 8 8 8
5 507096816
11 11 11 11 11
5 598336935
11 11 11 11 11
5 688563030
24 24 24 24 24
5 558507716
7 7 7 7 7
5 268347122
6 6 6 6 6
5 454074623
6 6 6 6 6
5 870596070
14 14 14 14 14
5 138556826
4 4 4 4 4
5 93540389
6 6 6 6 6
5 845621075
8 8 8 8 8
5 199701807
1 2 3 4 5
5 88472564
1 2 3 4 5
5 840155169
1 2 3 4 5
5 747769864
1 2 3 4 5
5 338720401
1 2 3 4 5
5 809833983
1 2 3 4 5
5 340638188
1 2 3 4 5
5 540865962
1 2 3 4 5
5 144541052
1 2 3 4 5
5 600592473
1 2 3 4 5
5 14434845
1 2 3 4 5
5 37229479
1 2 3 4 5
5 457133865
1 2 3 4 5
5 139108199
1 2 3 4 5
5 165812670
1 2 3 4 5
5 351058495
1 2 3 4 5
5 981244756
1 2 3 4 5
5 183471368
1 2 3 4 5
5 554589914
1 2 3 4 5
5 921153316
1 2 3 4 5
5 165184314
1 2 3 4 5
5 250952072
1 2 3 4 5
5 505245010
1 2 3 4 5
5 767876651
1 2 3 4 5
5 404056091
1 2 3 4 5
5 420459009
1 21 23 14 19
5 921376017
14 11 10 19 7
5 471520480
21 6 14 7 14
5 561133486
6 10 11 16 7
5 217229445
25 14 18 22 18
5 173158556
10 13 5 23 24
5 701159700
13 1 19 20 6
5 477729329
21 25 14 10 3
5 288337544
13 7 3 1 11
5 405945512
24 7 12 4 4
5 721186022
2 2 23 5 8
5 488257867
1 21 24 18 6
5 756413937
23 3 10 11 10
5 278257853
25 3 2 12 18
5 393107492
8 16 19 9 16
5 626571104
8 12 24 8 16
5 911845050
25 21 23 3 7
5 832195428
4 12 7 18 17
5 466579409
16 2 17 20 16
5 43203047
2 20 5 7 21
5 177685338
3 14 12 23 6
5 917779161
23 15 19 6 16
5 452983623
24 24 22 22 1
5 554323369
4 20 14 9 8
5 603304480
10 2 4 9 14
5 729056921
16 2 20 19 7
5 432460542
20 23 25 12 11
5 980186386
2 11 22 13 5
5 39122166
10 7 11 20 15
5 230973608
7 4 15 14 15
5 165893971
9 2 17 3 25
5 349506926
23 23 17 23 25
5 152175016
7 16 5 2 18
5 915765706
24 18 17 22 8
5 855144270
9 4 9 24 17
5 686902913
14 19 9 14 9
5 76562692
15 8 23 7 25
5 387259406
25 23 12 16 12
5 37330123
14 15 5 1 6
5 445852550
6 16 2 18 9
5 783927469
21 11 15 14 14
5 626500952
5 22 19 12 20
