100
5
0 0
10 0
10 10
0 10
5 5
9
749364 -535260
898676 -357425
-949729 690500
445722 173815
-955983 682845
697216 919869
372095 -74336
555689 81176
-495278 353770
10
-154131 -997285
975130 -81178
-76900 721700
-423822 317194
-294829 -499733
570641 475513
343377 -543758
-285863 880529
234038 423728
437466 171828
2
-166127 -1000000
42806 -1000000
7
-593289 461340
284017 589145
653132 244088
-706502 244088
443851 389671
476794 970911
-701542 770543
15
981180 -109020
-883719 98191
-615762 68418
252198 -28022
-701694 77966
109080 -12120
602244 -66916
867078 -96342
-908865 100985
561501 -62389
-378423 42047
982962 -109218
115452 -12828
311130 -34570
-886599 98511
2
-4581 -369674
278089 -256509
1
629255 -688691
15
-733573 369090
985488 184781
-260628 -668520
-868078 -477824
-8978 -146864
-794635 -662924
-229896 -405257
-378621 -788849
-806626 144307
-802746 432984
756829 -962176
-570808 684314
-491523 -836422
613595 -565312
816227 -398874
13
-526192 -328870
923240 577025
247088 154430
234120 146325
-312032 -195020
405848 253655
-869312 -543320
-576240 -360150
-526344 -328965
-950096 -593810
520064 325040
574656 359160
436536 272835
4
560680 560680
722070 722070
310265 310265
-595475 -595475
15
162932 548033
-107142 -386880
-327314 580409
90260 772718
-492300 -285872
-299136 -117440
967984 -823095
650641 -813674
39164 -98777
808374 -238434
-696522 611346
682927 -977355
98876 -480242
-421985 797832
254087 -3538
15
-205365 450589
-781099 -180028
709713 -371618
-930996 500941
662384 581395
294443 -130975
-573917 320984
791753 542562
-99169 477673
283248 -435719
-341878 799253
850970 670997
-114400 -474289
-436738 682659
-631292 -786692
15
285465 654507
585370 382102
-729324 -719307
-420804 -259841
-858016 -438829
-966837 -75260
-789427 898955
-780769 -324200
374069 -730177
-356731 -341230
306912 -711835
-628108 891165
653523 -168676
53475 -691935
620024 628584
15
-230905 -11791
-611914 -67309
700539 700554
-536448 394193
154947 -287251
-282335 -319094
140749 -769442
-956833 431943
640671 -299197
234017 -788548
731079 -703310
184185 -258138
-482 -318950
-324554 763288
-653018 246102
5
-564805 -151520
202152 252324
9520 907550
716441 747806
-317653 -648813
10
515412 -442197
-367131 64858
733395 -9410
-93067 -874423
-367131 491465
401989 -358136
-367131 -76716
-367131 -652535
-367131 -739758
60543 470191
5
445632 -633742
445632 -380212
445632 113226
445632 380763
445632 -799043
15
-372922 122483
980503 73512
311442 96070
-630661 151465
783250 -719676
-18355 -831337
714137 -462159
-596860 -634367
-675615 885836
-304930 -800830
-634734 -855158
-294323 -191132
-124203 393569
-222722 872700
978138 -509936
6
-151180 -726516
495740 790042
556400 32950
672470 202175
877577 548016
926148 787743
9
-517185 1000000
873762 1000000
683870 1000000
862660 1000000
-827622 1000000
790183 1000000
-508202 1000000
20150 1000000
-71386 1000000
3
766408 -978172
621161 -128525
-100269 -281315
15
648460 225991
582027 -724711
-127112 -204309
-230904 -390623
-299830 -457111
929446 214632
759084 244461
615611 180380
548517 447407
-543232 125817
-463014 76991
794695 -328983
-105111 476851
787163 -830699
850039 -199551
15
447822 -805993
-290176 470180
-717602 863974
-215516 301327
-11456 -743301
-365190 -230707
-664193 125692
579544 667811
-259830 -264559
-437668 -950693
698478 -570784
409824 378455
654769 84767
470348 867593
-976679 -466258
10
902534 -192913
186925 391160
-37537 812898
849261 -709550
-30508 774189
-747290 -96789
-944181 -332703
691710 449852
-11505 -184781
-117051 185334
15
423479 -183858
-510199 271935
435177 -323525
-649802 22260
-725527 302128
382152 -571104
887047 279704
-540652 402319
-561405 658024
676933 -251107
-415534 -142219
338437 -212197
618118 -892106
238193 -904968
612674 707287
8
30228 -673141
-91410 -1000000
914937 -1000000
387823 -1000000
457901 -1000000
-449736 -1000000
-769930 -1000000
-409891 -1000000
7
-368148 -960236
-154331 736776
38538 221653
533575 736776
280804 598524
-985581 482410
306971 736776
15
-297062 937229
275611 -395642
801854 957696
-954142 792001
156780 406875
818841 -941203
315107 241177
-140336 -656860
-340203 -702323
223685 542532
-614516 -383633
-397448 557433
648178 -223042
-436342 -150128
733596 -383855
1
-564010 1000000
15
-837548 64198
21782 -317363
-513247 -621102
604984 -726290
-460402 -504116
-864633 224094
521306 499307
239815 -751590
77197 -191217
-833883 -194433
492957 -357599
915434 694240
616865 84181
-780057 955939
-134536 -747126
15
-849683 624862
-110048 -713805
106772 -712349
780142 185361
-624743 2044
-738315 -226782
616087 -776334
-891938 -39382
-900749 737183
880565 197414
119723 876366
-915111 174279
-227931 466677
587374 68499
-921737 -828405
4
63817 1000000
-281458 1000000
363501 842760
383215 529555
9
-807201 -377816
-368581 -377816
-679396 -377816
-375161 -377816
-258741 -377816
-813511 -377816
833101 -377816
-335635 -377816
682132 -377816
3
917808 -798347
197745 -636523
-460049 -247429
8
974134 1000000
907750 1000000
-325103 1000000
-998761 -277253
677967 1000000
329337 1000000
267214 1000000
-44030 1000000
11
339995 -1000000
-31928 -1000000
239752 -1000000
790691 -1000000
-441650 -1000000
-893385 -1000000
-811691 -1000000
-166479 -1000000
565477 -1000000
262957 -1000000
904845 -1000000
6
-906567 -476663
966449 -235530
239525 570678
-48839 621160
195097 -204274
572166 893648
2
1000000 355253
1000000 -997802
5
13803 1001
-629187 421240
-726351 -118155
-40882 -531738
-42293 -107521
5
-795109 -805366
409858 -26638
633366 157930
-879005 -751697
807618 538412
15
-545441 -257110
-112306 -630232
998167 154218
-533856 784360
988969 395418
129972 -618854
506414 308215
-518370 211795
-669758 247858
66140 135866
-364362 -973773
1141 -840721
720775 -142377
-42979 905520
72729 962941
6
906664 -453332
344204 -172102
485788 -242894
-897124 715768
-253351 428204
158595 186355
10
78680 230255
876653 -424672
-440120 -616983
-338181 875122
215218 511636
-934065 904754
-716634 983755
-640270 459950
-25498 96102
-907314 709271
2
339701 241398
895344 241398
1
-704561 -1000000
2
-670650 -835767
590618 145062
8
827792 -591280
-190946 136390
5425 -3875
74368 -53120
751765 -536975
363335 -259525
61285 -43775
-187285 133775
3
-696905 -789563
297696 122781
536376 553664
7
-17288 -25932
-54296 -81444
-329352 -494028
-287736 -431604
-587808 -881712
-587472 -881208
342136 513204
2
152178 898714
571843 898714
11
201579 8245
-407124 -951944
-417659 -296034
4916 -55928
-99610 -39844
25990 10396
751726 -975834
447065 178826
-988974 -689822
192205 -179862
43442 -229340
9
945216 240960
-683548 113092
993835 305789
-887236 127515
-716460 -1000000
-194262 -200949
-312115 -1000000
43553 -1000000
-827603 919122
9
948325 -714511
731151 644337
-341875 -538991
-801916 817324
428940 -112326
-219336 382831
134127 -735443
-204648 579989
134647 -586934
15
-983837 -261010
-394280 -251588
664537 961475
642753 -196032
4666 968535
149474 -55708
-18034 -781074
-248454 997857
-704221 -354165
560007 -196337
-778105 194395
875334 -648449
-374959 844207
614213 479846
710320 757902
2
131817 -131817
981336 -981336
15
-469482 -924364
124655 -54689
335406 982150
-804598 748060
-596742 -376602
13595 -174347
-376510 481725
-120205 722336
-370019 -799499
-787304 -811185
-793739 -965102
-474008 829431
28007 -150034
978224 -343130
-826349 -697637
5
574311 406312
234254 -843482
-196318 -1000000
748662 -65590
429130 -731320
15
269918 -632179
-919834 869675
724044 645307
441002 383807
-237214 -634460
-864907 163807
-710117 -471835
880033 -962153
-386708 -574958
265567 28313
942953 -606427
212497 -361262
933840 294368
324805 1360
-395224 403291
12
989069 451276
250260 -166840
-887315 717423
322221 -108554
766607 -10898
-80754 53836
611178 -407452
956552 414862
619359 -353450
-217746 145164
45640 439500
87162 -58108
1
-26295 946245
6
440525 -410664
-179024 466235
-434774 459692
-621151 991175
-872145 401546
-372172 981295
14
135903 -588366
-554080 -588366
829702 -588366
-624711 -588366
134380 -588366
-643402 -588366
853460 -588366
-610325 -588366
449475 -588366
36055 -588366
348747 -588366
-858861 -588366
683473 -588366
-659773 -588366
5
-853801 882180
-801891 834566
-472321 413847
844992 -563328
-85343 177125
8
-702936 -351468
-16604 -8302
151558 75779
641204 320602
6276 3138
382788 191394
-474072 -237036
538640 269320
6
624293 146393
1000000 163045
-334033 -887681
1000000 -731150
-88903 -92136
-848402 -209550
13
-928134 376382
1744 671742
-663907 -289565
733955 173712
-367823 310282
-467359 -717468
280648 -105136
422893 -512422
-77701 329289
-534836 -724553
-910384 -333640
-539567 116393
189825 96369
10
-987473 777256
-675656 760129
-222662 -667986
-453404 -153799
-219618 -658854
-261623 -659975
-110342 -331026
25022 954400
-11517 678648
-236848 -710544
12
-287483 626688
-468885 -94568
-863 -433557
947060 46135
697378 989794
-457801 -145201
693349 -708246
797678 -49253
-52651 -613913
-720294 -69875
10873 -275223
-993555 598007
15
-942606 905726
182192 612323
471082 -788249
830526 130661
-803859 620667
155124 932309
263193 997470
-32335 -438534
-873973 -130070
-605642 -170240
38748 832812
-841846 -793855
-878441 -683612
-47807 -225928
253126 -880194
15
-305453 876566
808947 -602028
755948 -183914
963734 -796217
684627 150737
36505 429137
-561630 -375886
272801 -470053
613202 451040
417358 849408
-637947 -317165
606662 -219548
-998847 480407
367888 438526
-45421 617472
10
-902723 288339
299109 398812
488514 651352
525808 784623
-511269 -681692
-233967 484862
-450426 734079
-390966 -521288
-449292 -599056
-509338 -407497
12
312070 99713
146283 -277602
-172676 842214
953333 -35955
-335308 -135535
-503540 -955476
-615379 -718344
-489590 872796
-519503 463610
876239 111565
-588295 -332149
-97033 -319948
12
849620 -1000000
330540 -1000000
-350491 -1000000
670233 -1000000
47872 -1000000
406207 -1000000
-546011 -1000000
-986757 -1000000
603887 -1000000
-893812 -1000000
333575 -1000000
-187013 -1000000
15
226428 -72681
26766 280901
585433 -783013
630335 767252
868330 -797028
-494218 340149
-627076 589640
-397600 -227004
202555 -489502
436012 -538835
822793 -563347
46068 -748720
176809 -720540
95893 -71677
-56715 -385114
15
705962 74312
-90339 135445
-849055 322762
908602 827466
718710 -283651
-333186 365602
321716 565896
-121604 527017
951194 -844071
-962994 -997126
-752462 -579139
210270 583204
-993434 -411252
-383244 -482978
-967622 -732222
6
588960 914572
-228327 -26356
-683430 -499634
398940 -499634
-577596 -499634
-169207 -499634
13
317222 858825
307285 370363
-923774 -28114
673560 -445010
-552489 396578
211254 246848
298142 40387
-93038 -228268
-526718 961580
722165 389391
-206273 201667
506404 889373
-622643 -696546
4
646803 -783678
172778 -769543
-400533 -190906
-576503 -989232
15
985732 276069
725938 340801
533618 -895486
471247 -360478
801655 509697
180876 322095
-130975 -911090
425062 -550107
90377 -719482
444080 -776315
-856585 403532
-994802 -675905
569129 -667066
-894699 383387
-267285 -958257
4
105316 128150
-460546 183410
328032 117434
-320817 -258289
3
158960 -19870
-583336 72917
956680 -119585
7
-171505 -819293
-871204 170712
996839 -19670
690761 686852
-200718 397758
-392195 -814915
-222606 -238066
6
1000000 -399877
1000000 -384312
1000000 307727
1000000 47434
1000000 494137
1000000 833542
4
-318373 265737
-669559 265737
-62152 265737
-418580 265737
15
443494 -145301
73383 -928430
350836 -99583
-681090 -710202
-136977 -420618
-19086 455047
671413 353226
-263700 587689
334978 -93217
925384 -552281
783877 -716665
776406 979048
2845 -671029
-10984 -615545
-732864 -668006
15
-366367 31934
341336 -645260
154727 703181
278795 -560290
-928016 938692
132429 -675183
-951828 785423
397222 762530
-294236 833350
336927 -709896
-243979 -700425
753298 709558
-555448 135394
881204 388133
905234 -560243
8
-729294 -49903
-45477 -342586
-98841 -682919
142689 -921290
358231 -315270
962386 -924693
-560281 -988491
682758 -35698
6
667798 932080
-205541 932080
80844 932080
90915 932080
-876201 932080
-726998 -392375
14
-688807 -480040
618280 -480040
-239818 -480040
-491720 -480040
-396610 -480040
-121588 -480040
642982 -480040
386307 -480040
790464 -480040
-911912 -480040
-124180 -480040
-567881 -480040
-436136 -480040
-125192 -480040
15
532036 365685
-323131 -315057
788305 487429
-660239 -216005
821464 -792150
124272 -970229
-62536 -212276
263086 875524
-700702 789350
-114604 -341986
-870070 345637
-760935 -959239
154726 149523
-954997 -157960
609170 -544805
1
-649566 -509186
4
979680 -367380
-67144 25179
835633 765474
-746425 804698
9
407057 -729586
258627 -63124
-752424 -960523
-974014 732507
-739856 126324
-607756 790707
500578 -469073
393578 -842646
-943289 795614
10
1000000 930448
1000000 -391864
1000000 -548002
1000000 432927
1000000 -229598
-195287 -624714
666152 917489
1000000 -122979
297460 556296
1000000 973126
15
-256242 -416700
46674 803696
213201 576440
694771 -383138
911835 -937928
-158689 515432
555095 403644
269074 647578
-349362 -113194
300046 -873554
-442387 -660530
-44894 -374879
-410242 895762
-378290 -299330
513788 163497
9
928822 -400922
252168 -757208
252168 -834439
252168 -544776
977774 319393
572216 -111116
252168 -257983
252168 -729491
252168 486894
15
-879129 48229
166186 131808
642085 441102
-14708 715446
-318864 -151170
181707 669465
673295 -148474
32811 -611546
-50965 535064
-105904 -59108
202025 729762
-72804 -837056
-911280 -201673
-476707 644875
516402 325960
10
141746 570647
789082 -1000000
515885 -1000000
-468047 -1000000
-853197 878733
988975 -1000000
488608 -1000000
-501265 177244
111636 -913159
640036 -17245
2
-781295 762248
735766 -425734
