100
2 0.0007 48.4821
0.0003 48.9671
0.0003 45.6015
2 0.0005 83.5067
99.9998 60.2114
99.9995 83.5067
2 0.0001 0.1001
0.0001 0.1003
0.0001 0.1000
2 99.9996 29.6119
99.9992 13.7524
47.9071 29.6119
2 0.0010 82.3129
0.0005 70.5283
0.0005 82.3129
2 0.0003 73.3696
99.9992 81.9640
99.9993 73.3696
2 33.7473 80.7294
71.6842 77.0171
68.8024 77.0171
2 0.0009 19.9594
0.0003 22.7338
0.0002 19.9594
1 69.1520 99.9000
92.6912 99.9000
2 99.9994 97.0362
0.0002 97.5938
0.0009 86.4721
2 99.9991 42.7344
99.9994 72.1802
99.9994 42.7344
1 26.5192 0.1000
6.3451 0.1000
2 99.9996 81.7776
0.0006 81.7776
0.0004 33.0496
2 0.0001 0.1000
0.0001 0.1002
0.0001 0.1001
2 99.9999 21.1508
99.9996 60.8952
99.9991 21.1199
2 99.9997 48.7152
99.9995 43.8898
0.0006 53.5407
2 100.0000 88.3983
0.0001 88.3983
99.9999 88.3984
1 59.3210 56.7144
0.0272 63.2380
2 0.0003 4.5732
0.0004 4.5732
99.9995 44.8468
2 0.0008 60.0880
0.0003 91.2684
0.0001 28.9076
2 99.9999 92.1750
99.9991 92.9837
0.0003 18.8790
2 0.0002 90.1818
99.9994 90.1818
0.0011 78.1720
2 0.0008 90.3074
0.0007 90.2102
99.9999 97.8325
2 99.9995 5.3607
0.0003 5.3607
0.0005 22.0226
2 59.1081 96.8236
85.9566 98.5488
45.9915 93.5993
2 99.9996 90.6096
35.6131 91.3320
0.0007 86.8760
2 5.0000 99.9000
30.0000 99.8999
20.0000 99.7000
2 50.1939 95.9634
0.0001 95.9634
0.0002 95.9634
2 0.0002 44.4938
0.0008 98.0787
0.0004 44.4373
2 0.0010 26.7139
78.1966 26.7139
0.0002 30.3029
2 99.9992 88.5526
0.0008 82.1761
99.9995 88.5526
2 0.0008 95.2217
0.0010 95.2217
99.9992 53.3320
2 11.2635 99.9000
61.4116 61.3918
46.7354 24.0837
2 99.9996 27.1294
0.0010 6.7250
0.0002 47.5338
2 99.9995 28.7422
80.3785 0.1692
99.9999 28.7422
2 0.0006 76.7381
99.9998 76.7381
0.0005 40.2675
2 99.9995 10.3904
0.0009 57.4480
0.0006 10.3771
2 0.0001 77.2831
0.0001 97.3911
0.0001 57.1751
2 99.9991 30.5164
99.9996 30.4709
0.0003 46.5965
2 99.9999 68.8416
99.9999 68.8416
99.9999 2.2003
2 68.5318 5.9770
83.2132 5.9770
83.8369 5.9770
2 100.0000 65.1586
0.0001 65.1587
99.9999 65.1586
2 0.0004 28.8867
99.9992 28.8867
0.0009 26.3438
2 100.0000 88.3984
0.0001 88.3983
99.9999 88.3984
2 0.0006 57.2073
0.0010 45.6957
99.9997 57.3459
1 20.1353 47.6915
91.1379 47.6915
1 57.9110 28.6229
97.9429 28.6240
2 0.0004 49.3995
99.9990 49.8356
0.0002 45.3174
2 0.0004 8.5344
99.4306 27.2128
0.0003 8.5344
2 99.9998 44.9488
0.0006 1.6677
99.9997 44.9488
2 0.0011 59.8686
0.0001 79.5925
55.5719 40.1447
2 36.5790 38.2288
0.0001 38.2288
0.0002 38.2288
2 0.0005 58.4469
0.0003 45.7580
0.0009 58.4469
2 99.9995 13.3143
0.0005 77.1574
99.9995 13.3143
2 100.0000 43.5810
98.4837 24.9753
44.6422 62.1868
2 40.4654 9.7389
0.0007 99.2850
99.9990 9.7383
1 93.0040 0.1000
32.8134 0.1000
2 0.0003 11.9941
99.9993 11.9941
99.9992 69.6708
2 99.9997 18.0115
99.9997 18.1595
99.9993 16.9516
2 0.0011 20.3287
99.9994 20.3067
0.0005 50.8086
2 59.1081 96.8236
85.9566 98.5488
45.9915 93.5993
2 61.6295 93.5978
6.9419 75.0601
32.2202 90.7114
2 99.9995 49.3936
0.0003 79.6590
99.9995 19.1281
2 99.9991 82.0325
0.0002 76.7490
99.9999 82.0325
2 99.9999 40.9883
4.7039 85.0943
99.9993 40.9392
2 0.0004 42.7172
99.9991 51.0909
99.9997 34.3434
2 0.0008 51.4539
0.0001 51.4539
99.9995 46.6792
2 0.0001 16.5160
12.8178 24.9203
60.0293 8.1118
2 0.0004 35.0896
99.9990 67.6703
99.9997 35.0500
2 0.0001 29.0941
0.0005 29.2868
99.9995 20.7197
2 99.9995 28.7422
80.3785 0.1692
99.9999 28.7422
1 10.6648 8.2930
97.5540 70.3255
2 99.9997 47.9457
100.0000 47.9457
0.0009 55.3231
2 0.0001 41.1422
43.8591 21.0960
16.3427 61.1884
2 99.9998 44.9488
0.0006 1.6677
99.9997 44.9488
2 99.4808 76.9326
99.9999 76.9326
100.0000 76.9326
2 99.4808 76.9326
99.9999 76.9326
100.0000 76.9326
2 74.4141 25.2057
75.3565 95.3000
24.6910 25.2067
1 10.0000 50.0000
0.2000 50.0000
2 0.0007 72.7588
99.9995 70.5881
99.9995 73.4333
2 0.0005 75.8445
0.0004 62.8076
99.9997 88.8814
2 0.0005 47.2822
99.9991 47.2822
99.9995 19.2072
2 99.9991 28.9753
99.9996 20.0291
99.9990 37.9215
2 0.0010 54.5283
99.9992 49.1491
99.9996 54.7508
2 0.0003 44.1513
0.0006 30.3099
99.9998 57.9926
2 99.9994 97.3773
0.0006 97.3773
0.0002 53.5209
2 0.0004 40.6558
44.8835 40.6558
99.9998 24.8241
2 99.9999 77.6044
0.0006 21.7259
0.0005 77.6037
2 99.9996 69.7882
99.9994 98.7681
99.9993 69.7892
2 99.9995 26.5632
0.0004 66.0417
99.9998 26.5315
2 99.9994 18.3417
0.0006 79.6909
0.0006 18.3417
2 6.1538 49.4742
3.5781 49.4741
62.8345 34.1661
2 0.0003 95.8410
99.9998 55.5138
99.9999 95.8410
2 0.0003 50.8388
0.0009 51.1131
99.9991 35.8365
2 100.0000 65.1587
0.0001 65.1587
99.9999 65.1586
2 99.9992 30.5700
99.9996 30.5700
100.0000 24.3503
1 10.2763 0.1000
39.1179 23.4769
2 0.0010 42.8092
99.9991 79.3589
99.9991 6.2595
2 30.0000 65.4321
0.0001 50.0000
100.0000 99.9000
2 100.0000 75.6127
70.0263 75.6127
27.0364 27.7990
