20
50 64290
24 1 2 3 4 7 8 10 11 12 14 16 17 20 21 22 23 30 31 39 40 42 43 46 48
26 1 2 5 6 10 11 12 15 16 17 18 19 20 25 26 27 30 31 32 33 34 35 37 38 41 50
30 1 2 5 10 11 12 14 15 19 21 23 24 25 26 27 28 29 32 34 35 36 37 40 41 42 45 46 47 49 50
22 3 4 8 11 13 16 18 23 26 29 33 34 35 36 41 42 44 45 46 47 49 50
24 2 4 5 11 13 16 17 18 19 20 21 23 25 28 32 34 37 38 39 40 43 44 46 50
26 4 8 9 14 15 16 17 18 21 24 26 27 28 29 31 32 33 35 37 39 40 43 46 47 48 50
25 4 6 7 9 10 12 13 17 19 20 24 26 29 30 31 36 38 40 41 42 43 46 47 49 50
26 1 2 4 6 7 8 9 10 11 12 18 19 20 22 25 26 27 29 33 37 39 43 45 48 49 50
28 1 3 5 6 7 10 12 13 14 19 20 23 24 25 26 28 29 31 32 33 36 37 38 40 41 44 46 47
26 2 5 6 8 9 10 11 12 14 17 18 19 22 23 27 34 35 38 39 40 41 43 45 46 47 50
21 2 4 6 7 9 16 21 27 28 29 30 31 32 33 34 35 38 40 43 45 48
26 1 3 4 6 7 11 13 16 17 20 24 25 26 28 29 30 31 32 33 37 38 40 44 47 48 49
21 9 10 11 13 16 23 26 29 30 33 35 36 37 38 39 40 41 43 44 46 50
27 1 3 5 10 11 13 16 18 23 24 26 27 30 31 33 36 37 38 39 41 42 43 44 45 46 48 50
30 1 2 3 4 6 7 9 14 17 19 20 21 22 23 24 25 26 29 30 31 33 34 35 36 39 40 47 48 49 50
26 1 2 4 5 6 7 11 13 15 16 17 18 20 23 26 27 30 31 32 33 35 39 42 43 48 49
22 4 5 7 8 10 11 12 13 17 19 20 21 24 32 34 35 36 38 40 41 44 49
30 2 3 5 10 13 15 16 18 19 20 21 22 25 26 28 29 32 33 34 36 38 39 40 41 42 44 46 47 48 49
29 1 2 3 4 5 6 8 10 13 14 17 18 19 20 24 26 27 30 31 33 34 36 39 40 41 42 43 44 47
19 3 4 5 6 10 12 13 17 22 25 27 32 35 36 38 40 43 44 45
20 2 3 6 7 8 9 11 14 16 27 29 33 34 35 37 43 44 46 49 50
24 2 3 9 11 12 14 15 17 18 21 22 24 25 27 29 30 32 34 36 38 41 43 47 48
22 1 2 6 7 8 9 17 18 21 27 29 30 31 37 38 42 43 44 45 47 48 49
25 1 2 4 6 7 13 16 17 18 19 22 25 26 28 29 30 34 35 36 39 41 42 45 47 50
28 1 2 3 4 6 7 8 10 11 14 15 20 21 25 29 30 31 33 34 36 37 38 40 42 45 48 49 50
26 1 2 4 5 8 10 15 17 21 25 26 28 30 31 32 34 35 36 37 40 42 45 47 48 49 50
25 2 3 4 9 11 13 14 16 18 20 21 23 24 26 28 34 36 37 39 40 42 43 45 47 49
30 1 2 5 10 11 14 15 18 19 20 21 22 23 24 26 29 31 33 34 35 37 38 41 43 45 46 47 48 49 50
24 1 3 5 6 8 9 11 13 14 16 19 20 22 23 27 29 32 33 37 42 45 46 49 50
25 1 2 9 11 16 17 18 19 22 25 26 27 29 30 32 33 35 38 39 40 45 46 47 48 50
24 1 3 5 8 9 11 12 13 15 20 21 23 25 28 31 32 34 35 37 40 43 45 46 50
29 1 2 4 5 8 11 12 13 14 16 21 22 23 24 27 28 31 32 33 35 37 38 39 40 41 43 45 48 49
21 1 3 5 9 11 13 17 20 27 28 29 30 32 39 41 42 43 44 47 48 50
19 2 4 5 8 9 11 12 13 15 20 22 24 27 28 31 32 34 42 44
25 3 4 6 8 9 11 13 15 17 19 20 21 22 25 26 31 32 34 35 40 43 44 47 48 50
28 1 3 4 5 6 7 8 9 11 15 16 17 18 19 20 23 24 25 33 34 37 39 40 42 44 45 46 49
27 1 2 4 6 7 9 10 11 14 16 19 21 23 25 26 28 30 31 33 35 37 38 42 43 45 48 49
31 1 4 6 7 8 9 10 11 12 15 17 19 21 22 23 27 28 29 30 32 34 36 37 38 40 42 43 44 46 47 50
28 3 4 6 7 8 9 17 19 20 21 22 25 26 30 31 32 33 35 37 38 39 40 41 44 45 48 49 50
28 1 3 4 5 6 11 13 14 15 16 17 20 22 24 28 29 30 31 32 35 37 38 39 41 44 47 48 50
25 1 2 3 9 11 17 22 23 24 26 27 28 30 32 33 34 35 37 40 42 43 45 47 49 50
24 1 3 4 6 9 16 17 18 20 23 24 25 27 29 33 35 38 41 42 43 44 45 47 48
28 1 3 4 8 10 12 14 15 16 18 19 21 22 23 25 26 27 29 31 32 33 35 36 39 40 44 49 50
25 2 6 7 8 11 12 13 16 18 19 21 23 25 27 29 32 33 34 36 38 42 45 47 48 50
20 2 3 12 13 15 16 18 21 23 25 26 27 30 31 34 35 40 42 45 49
19 3 4 9 12 15 17 18 19 22 23 24 25 28 34 36 37 40 42 45
28 2 3 4 5 6 10 12 13 14 16 17 18 20 22 24 26 27 28 29 31 34 36 38 42 43 45 46 47
25 1 5 8 9 10 13 14 15 19 20 21 22 25 26 28 32 35 36 38 39 40 43 44 46 50
33 1 3 4 7 8 9 11 12 13 14 15 16 18 19 22 23 24 25 26 31 32 35 36 38 39 40 41 42 46 47 48 49 50
24 2 3 4 5 6 9 11 13 14 15 16 17 19 20 21 27 29 38 39 43 44 45 48 50
49 68556
25 3 4 5 8 11 13 15 19 20 21 22 23 25 26 27 28 31 32 35 36 37 39 40 41 47
22 1 2 7 9 12 16 18 19 20 21 24 27 31 32 35 36 37 39 42 45 46 47
20 2 3 4 8 9 10 13 14 16 18 20 21 22 23 29 31 35 38 45 46
27 1 2 3 4 7 8 9 10 16 18 23 27 28 29 31 32 34 35 37 38 41 42 44 45 46 47 49
25 1 2 3 5 7 10 11 14 15 18 21 23 25 29 33 34 35 37 38 39 41 42 44 47 48
29 2 3 5 8 9 10 12 14 15 18 19 20 21 27 29 30 31 33 37 38 39 40 42 43 44 45 46 48 49
28 7 9 10 13 14 15 16 19 20 21 23 24 25 26 28 29 30 31 33 34 36 37 40 43 45 46 48 49
28 1 4 7 8 9 12 14 17 19 21 23 24 26 28 29 30 32 36 37 38 39 40 41 42 45 46 48 49
27 1 7 8 10 11 12 13 14 15 18 21 22 26 27 28 30 31 33 35 39 41 42 44 45 46 48 49
28 4 5 7 8 10 11 14 17 18 19 21 22 23 24 26 31 33 35 36 37 38 41 42 43 44 45 47 48
28 1 2 4 5 6 7 8 12 16 17 18 19 20 23 24 25 29 30 33 34 35 36 43 44 45 46 48 49
28 4 6 7 10 11 13 15 16 18 20 21 24 26 28 30 31 32 34 35 40 41 43 44 45 46 47 48 49
24 1 2 3 4 5 7 8 9 10 12 14 15 22 24 28 31 32 34 40 42 43 45 46 48
23 6 8 9 10 12 13 15 16 17 19 22 23 24 28 29 30 37 40 41 42 45 48 49
26 1 3 5 6 7 11 13 16 19 20 22 23 26 27 29 31 32 33 34 36 37 38 39 40 43 48
24 2 4 7 8 9 10 11 13 15 16 20 23 25 27 28 33 35 36 37 39 40 41 42 48
24 1 2 7 10 12 13 14 17 18 20 21 25 26 28 29 31 32 34 36 37 41 43 45 46
23 3 5 7 9 10 11 13 14 15 16 20 21 22 23 25 26 29 31 38 39 43 47 48
26 2 3 4 5 7 10 15 16 17 19 22 23 26 27 28 29 31 34 35 36 37 38 41 43 45 49
25 4 7 8 9 10 11 14 15 16 18 19 20 21 24 25 28 30 31 35 37 39 41 44 48 49
25 6 8 9 11 13 15 16 17 19 20 21 24 25 26 30 31 33 34 35 36 39 41 42 44 45
20 3 5 8 9 13 15 16 17 19 23 24 25 29 30 32 35 38 39 40 44
22 2 3 6 9 14 15 20 23 24 25 26 27 31 32 33 35 37 38 41 42 46 48
28 1 2 3 4 6 7 8 9 11 13 19 22 25 27 28 29 30 31 32 33 34 36 37 41 43 47 48 49
24 1 2 4 6 8 9 10 11 13 14 15 16 17 20 21 25 29 33 34 36 38 41 47 48
19 3 4 9 13 14 15 20 22 25 32 34 38 39 40 41 43 45 48 49
21 1 2 3 7 8 14 17 18 20 24 26 28 29 30 35 36 38 39 43 44 47
22 6 7 11 12 13 16 21 25 26 27 28 30 33 34 35 36 41 42 43 44 45 46
26 1 3 4 7 10 12 13 15 16 19 21 22 23 25 30 31 34 35 36 37 38 39 41 44 45 47
20 1 5 10 11 13 14 16 17 20 22 23 24 25 29 31 33 35 42 44 45
27 2 5 6 7 8 9 10 11 12 14 19 20 21 23 27 31 32 34 35 36 38 39 42 45 46 48 49
29 3 4 7 8 9 12 13 14 15 16 17 19 20 21 23 24 25 26 27 28 31 36 38 40 42 45 46 48 49
30 2 4 10 11 14 15 16 19 20 21 23 24 27 29 30 31 33 34 35 37 39 41 42 43 44 45 46 47 48 49
22 1 3 5 9 13 16 17 18 19 20 22 23 31 32 33 34 36 37 39 41 42 47
24 4 8 9 10 12 14 17 19 21 22 24 27 28 30 31 32 33 35 36 37 43 45 47 48
23 4 5 7 9 13 14 15 17 18 19 23 24 25 26 30 32 33 35 36 37 39 42 47
27 1 2 3 7 8 10 11 13 14 17 18 20 23 24 27 30 33 34 37 38 40 42 44 45 47 48 49
25 1 2 3 4 5 6 7 8 11 13 14 16 17 22 25 26 27 30 32 33 38 42 43 47 49
23 2 5 6 7 9 10 11 14 17 18 22 25 26 29 30 31 35 40 42 43 44 46 48
23 1 3 4 5 14 15 17 19 20 25 27 28 29 34 36 39 40 41 42 43 44 47 48
26 4 5 6 8 9 17 19 20 21 22 27 28 30 31 33 34 35 36 40 41 43 44 45 47 48 49
25 2 4 8 10 12 14 15 18 19 21 23 24 26 27 30 31 34 38 39 40 41 42 45 46 48
20 3 4 7 13 18 19 20 22 23 24 25 26 30 31 32 34 38 39 40 47
25 2 5 6 8 9 11 12 14 17 20 21 22 25 26 32 35 36 37 38 41 45 46 47 48 49
32 1 2 3 5 6 7 8 12 13 14 17 18 19 20 22 23 25 26 29 30 31 33 35 36 39 40 42 43 44 47 48 49
19 3 9 12 15 17 19 25 28 31 33 35 37 38 39 41 42 45 48 49
20 2 3 7 8 9 10 13 15 16 21 27 28 29 32 35 37 38 39 42 46
24 1 5 6 7 8 10 12 13 14 15 17 18 20 22 24 26 29 31 34 36 41 46 47 48
22 1 4 5 8 9 13 18 19 20 21 22 25 26 28 29 32 35 38 45 46 47 49
39 38946
16 3 8 10 12 18 20 22 23 27 31 32 33 34 36 38 39
22 1 3 6 7 9 12 14 16 18 20 21 22 23 25 29 30 31 32 33 34 36 37
24 1 6 8 9 10 11 12 13 15 17 18 19 20 21 23 24 26 27 28 30 32 33 34 39
23 2 3 5 6 7 9 12 13 14 17 18 21 22 23 25 26 27 28 29 33 34 36 37
18 1 3 4 9 10 12 16 17 19 25 26 27 31 33 34 35 36 39
19 2 9 11 12 14 15 16 19 24 26 27 29 31 33 34 36 37 38 39
23 1 2 3 5 6 8 10 12 14 17 18 20 22 26 27 28 30 32 34 35 36 38 39
17 1 3 4 9 11 12 13 15 18 21 24 26 28 30 31 32 39
14 3 5 7 9 10 15 17 18 19 20 23 28 29 31
15 3 11 15 16 17 19 23 24 27 28 31 35 37 38 39
26 1 4 6 7 8 9 10 11 13 14 15 16 20 21 23 24 25 26 28 29 31 32 33 36 37 38
19 2 3 9 10 12 13 14 16 17 19 21 23 24 27 30 31 36 37 38
22 6 7 8 10 11 14 15 16 20 22 23 26 27 30 32 33 34 35 36 37 38 39
21 1 2 5 8 9 10 14 16 17 18 20 22 23 25 26 31 34 35 36 38 39
15 5 11 13 19 21 22 23 25 27 29 30 32 34 36 37
21 2 3 4 5 8 10 11 12 14 15 16 19 20 23 24 25 27 29 35 37 38
17 2 5 6 9 11 14 20 21 24 25 26 27 31 33 36 37 38
19 1 8 9 10 12 15 16 18 20 22 23 24 25 27 28 30 36 38 39
23 1 2 4 5 6 7 11 14 17 18 21 22 23 26 27 29 30 31 32 33 36 37 39
19 4 6 7 9 12 18 19 20 22 23 24 25 26 28 29 30 35 36 37
23 3 4 5 6 10 13 14 15 16 17 18 19 22 24 25 29 30 31 32 34 36 37 38
13 1 5 6 11 12 18 21 23 28 32 33 34 37
19 3 6 7 9 13 14 17 19 21 24 25 27 30 31 33 35 36 37 38
23 1 2 3 4 5 8 9 11 12 13 20 21 22 24 25 27 29 30 31 32 35 36 39
30 1 3 4 5 6 7 8 9 11 12 15 16 17 18 22 24 25 26 27 28 29 30 32 33 34 35 36 37 38 39
20 1 3 7 8 11 12 14 17 18 20 22 23 24 27 28 32 33 35 36 37
16 1 3 4 5 6 9 10 15 16 20 21 25 30 33 37 38
22 1 2 4 5 6 7 9 10 12 14 15 16 17 20 23 27 28 29 30 33 34 36
23 3 4 5 6 7 9 15 18 19 22 23 24 25 26 27 28 32 34 35 36 37 38 39
22 7 8 9 10 12 13 16 18 19 20 21 23 24 25 26 28 30 31 33 34 36 38
21 2 3 5 7 9 15 16 19 20 21 23 24 25 29 30 32 33 34 35 36 37
16 4 6 9 10 11 13 14 15 18 19 22 24 25 27 32 39
16 3 8 9 11 18 19 24 25 26 28 31 33 34 36 38 39
21 1 3 5 6 7 8 9 12 15 16 18 19 20 23 24 27 29 33 34 38 39
23 2 4 6 7 9 11 12 13 15 17 18 19 21 22 24 25 31 32 33 36 37 38 39
16 7 10 12 13 14 15 16 22 23 25 29 32 34 37 38 39
23 1 2 3 4 5 8 9 10 12 14 16 20 22 23 27 30 33 34 35 36 37 38 39
25 3 5 6 7 8 9 10 11 12 13 16 19 20 22 23 25 26 27 29 32 33 34 35 38 39
17 4 6 16 17 18 19 20 21 23 24 25 27 28 30 31 33 34
30 10124
14 1 4 7 9 11 12 16 17 19 20 21 22 26 30
14 1 4 5 7 9 11 13 14 18 19 24 25 27 28
15 1 2 3 4 6 10 11 12 14 22 23 24 25 26 27
17 1 2 4 7 8 9 12 13 15 16 17 18 24 25 26 27 28
17 2 3 6 11 12 13 14 15 17 18 21 22 23 24 27 29 30
16 1 5 7 10 13 15 16 17 18 19 21 22 24 25 26 27
11 1 2 4 5 15 17 18 19 22 25 26
14 1 3 4 6 9 10 12 13 15 19 23 24 26 27
17 2 4 6 7 8 13 15 16 21 23 24 25 26 27 28 29 30
18 1 3 7 9 11 12 13 17 18 19 21 23 24 25 27 28 29 30
13 4 6 9 10 12 14 15 19 22 23 25 26 28
18 5 6 7 8 10 11 13 14 16 18 19 20 21 22 24 25 27 28
15 5 6 7 9 10 11 12 14 15 16 17 23 25 26 30
13 3 5 11 13 15 16 21 23 24 25 26 28 29
16 3 4 6 8 9 11 12 14 15 16 18 20 21 22 24 28
12 1 5 6 9 13 14 15 21 26 27 29 30
14 1 4 7 9 10 14 18 19 20 22 23 25 29 30
18 1 2 9 10 11 12 14 16 17 18 19 21 22 23 24 26 29 30
11 1 3 5 12 14 15 19 21 26 27 29
17 3 4 5 6 7 10 13 14 17 18 21 23 24 25 28 29 30
14 1 2 3 4 8 9 10 18 22 23 25 26 28 29
17 1 3 5 6 7 10 15 16 17 18 19 20 25 27 28 29 30
14 1 2 3 7 8 9 12 13 17 21 23 27 29 30
12 2 11 12 13 15 21 23 25 26 27 28 29
14 1 2 3 4 6 13 17 19 20 21 22 23 24 27
10 3 8 9 12 16 17 18 19 22 30
14 1 2 4 8 9 10 12 15 21 22 23 24 28 29
13 3 4 5 6 7 9 11 12 16 21 24 25 28
10 2 3 4 9 12 19 22 26 29 30
16 1 2 3 5 7 8 10 11 15 16 21 23 25 26 28 29
49 29948
23 2 3 4 5 8 9 10 11 14 16 18 20 26 32 33 35 36 37 38 41 43 44 49
26 2 3 8 10 11 12 15 21 23 24 25 26 28 30 31 32 33 34 40 41 42 43 45 47 48 49
27 2 8 9 10 11 13 14 17 18 19 22 23 24 25 26 27 28 32 35 36 37 38 41 42 43 44 45
29 3 6 7 8 9 10 11 13 15 16 17 20 21 22 23 24 26 28 31 34 36 39 40 42 43 46 47 48 49
24 1 3 6 8 9 10 11 12 17 20 23 26 27 28 31 32 35 36 37 41 42 43 45 48
19 2 5 10 12 13 14 16 17 18 20 30 32 35 37 39 42 44 46 47
26 4 5 6 7 8 10 12 15 17 21 23 24 25 26 27 28 29 30 34 35 37 45 46 47 48 49
24 2 4 5 6 7 10 17 18 21 22 23 25 26 28 30 34 35 36 38 40 46 47 48 49
23 3 5 6 7 8 15 16 18 19 20 23 24 27 37 38 39 41 43 45 46 47 48 49
26 1 3 4 5 7 9 10 12 14 18 19 22 25 26 27 29 32 33 36 38 39 41 43 44 45 47
28 1 3 5 6 8 9 10 11 14 16 18 20 24 25 26 29 31 34 35 36 39 42 43 44 45 47 48 49
23 2 3 5 7 8 9 10 12 14 17 21 23 29 32 34 35 36 38 40 41 44 47 48
19 3 4 5 8 11 16 17 18 19 27 28 30 32 35 37 38 42 45 46
24 3 4 7 8 10 11 12 14 19 20 21 22 26 28 30 31 33 35 36 38 40 41 44 45
19 2 6 7 8 9 10 11 14 15 19 25 27 28 30 31 35 42 47 48
27 1 2 4 5 8 9 10 18 19 23 25 26 27 29 32 34 36 37 38 39 41 42 43 44 45 47 48
26 1 2 3 5 7 9 10 11 13 14 15 16 18 19 20 22 24 26 27 33 34 36 37 39 43 48
26 1 5 7 9 14 16 17 18 19 20 21 22 23 24 31 32 34 37 38 41 42 44 45 46 47 48
22 4 6 9 12 13 14 21 23 25 26 28 33 34 37 39 40 41 42 43 47 48 49
34 1 2 3 4 5 7 8 13 14 16 17 18 20 21 22 23 24 26 27 29 31 32 34 35 36 38 39 40 42 44 45 46 47 48
29 3 4 5 7 10 11 12 14 16 17 19 20 21 25 26 28 32 33 34 36 37 41 42 44 45 46 47 48 49
23 1 2 6 7 13 14 16 17 20 21 24 28 29 31 33 34 37 39 40 43 44 48 49
22 1 8 10 12 13 15 18 19 21 23 26 27 28 30 31 35 38 39 42 44 46 49
24 1 3 5 9 13 15 16 18 20 22 23 24 25 26 28 29 31 32 34 35 37 43 46 48
26 5 6 7 9 10 15 16 18 22 25 26 28 29 30 31 32 34 35 37 38 40 41 43 44 46 47
27 2 5 6 7 10 11 12 15 16 21 22 23 24 26 28 29 30 34 35 36 38 39 40 42 43 45 46
23 2 3 4 6 7 11 13 14 16 17 28 29 30 31 36 37 39 41 42 44 47 48 49
16 11 12 15 17 19 20 21 30 31 32 35 36 38 39 44 46
20 3 4 7 8 10 14 15 16 22 23 28 29 30 32 40 41 42 44 45 48
29 3 4 5 8 9 10 13 14 15 17 25 26 27 28 29 30 31 32 33 34 35 39 40 41 42 43 44 46 49
24 2 3 4 7 9 10 11 12 13 15 18 19 21 26 28 30 31 32 33 35 42 46 48 49
22 2 7 9 10 12 13 14 15 19 24 25 29 33 34 37 39 40 41 42 44 45 47
27 2 4 5 9 10 12 14 15 16 17 20 21 23 24 25 26 29 34 36 39 40 42 43 44 46 47 48
22 2 3 4 9 10 11 12 14 17 18 19 20 22 23 26 28 31 34 37 41 45 47
23 2 6 7 12 14 18 20 21 24 28 29 30 32 33 35 36 37 38 39 40 41 42 44
27 1 2 4 6 7 8 10 11 12 13 14 19 23 26 27 32 33 34 37 38 40 41 44 45 46 47 49
24 1 3 4 5 7 10 11 13 16 17 20 21 23 24 26 29 30 31 33 37 42 45 46 48
21 2 4 10 12 15 18 20 24 26 28 29 31 32 35 36 40 41 42 45 47 49
26 1 2 5 7 9 11 13 15 18 22 24 25 27 30 33 34 35 37 38 39 41 42 43 44 46 47
28 1 2 3 4 5 7 8 10 11 12 14 15 16 17 19 22 24 27 30 31 36 39 40 41 44 45 46 48
25 3 4 9 10 12 14 15 16 17 18 20 21 22 23 25 30 31 32 33 35 41 42 46 48 49
25 2 3 7 8 10 11 12 15 16 17 18 20 26 28 33 34 37 38 41 43 44 46 47 48 49
28 1 4 5 6 7 10 11 14 16 18 19 20 21 25 26 29 30 32 35 37 39 40 41 42 43 46 47 48
25 2 4 11 12 14 16 17 18 19 20 21 22 23 24 26 27 32 34 37 40 41 43 46 47 48
27 1 2 4 6 7 8 9 11 13 14 18 20 22 24 25 27 28 29 30 31 34 35 39 40 42 46 49
27 2 3 5 6 12 13 15 17 18 19 20 21 23 24 30 31 33 34 35 37 40 41 43 44 46 47 49
27 2 3 4 6 7 8 9 12 13 14 15 17 21 23 26 28 29 31 35 39 41 42 43 45 46 47 49
28 3 4 5 8 9 12 13 16 18 20 21 24 25 26 28 29 30 32 33 37 38 39 41 42 43 44 45 49
30 1 2 3 6 7 10 13 17 18 19 20 21 22 24 25 26 27 31 32 34 35 36 37 38 39 40 41 43 48 49
18 88669
9 1 3 4 6 7 10 12 13 15
11 1 2 3 4 5 7 9 11 16 17 18
10 2 3 4 7 9 10 14 16 17 18
5 5 6 15 16 18
9 1 2 5 6 7 8 9 10 13
9 2 3 6 11 12 13 15 16 18
14 1 3 4 5 6 7 8 9 10 12 13 14 16 17
8 2 3 7 10 11 14 17 18
6 2 4 6 8 13 16
9 1 3 4 6 8 10 11 14 15
10 2 4 5 7 8 9 10 12 16 18
11 2 3 5 6 9 10 11 13 14 15 17
9 4 5 8 10 11 12 13 15 17
8 6 9 10 11 12 14 15 16
7 1 8 9 10 11 12 18
6 2 3 8 9 10 17
8 1 2 5 6 7 15 17 18
10 3 4 6 8 9 10 12 13 15 16
23 33861
10 6 7 10 11 12 13 14 15 20 22
15 2 3 4 6 7 8 10 12 14 16 17 18 19 22 23
12 1 2 3 4 7 8 9 11 13 17 18 19
14 3 4 6 7 9 10 11 15 16 17 18 20 22 23
12 1 3 4 6 9 10 11 15 17 18 21 22
13 2 3 4 5 6 8 11 13 15 16 17 19 23
8 1 2 9 10 11 13 19 22
12 2 3 4 5 7 8 9 13 17 19 21 22
12 4 5 7 8 9 11 12 13 17 18 20 22
8 2 7 11 12 14 16 17 21
10 1 2 4 6 7 12 13 14 15 19
12 2 7 8 10 11 13 14 15 20 21 22 23
11 2 5 6 7 8 11 13 14 15 16 17
11 2 3 5 6 7 10 11 13 14 19 21
13 1 2 3 4 6 7 8 15 16 18 20 21 23
11 1 2 5 6 7 10 11 14 15 20 23
9 4 12 13 14 18 19 20 21 22
11 2 3 4 8 10 13 15 17 20 21 23
12 1 4 5 6 8 11 12 15 16 17 20 21
8 4 7 8 12 14 17 19 20
12 1 4 6 12 13 15 16 17 18 20 21 22
14 4 5 7 8 10 13 14 15 17 19 20 21 22 23
15 1 2 3 4 5 6 7 8 10 12 14 15 17 19 22
29 99573
16 2 3 5 6 7 8 10 14 15 17 19 20 22 27 28 29
13 1 2 4 9 10 11 14 16 18 22 24 25 29
11 2 5 12 13 14 15 16 21 22 26 28
16 1 4 5 6 7 8 9 10 11 13 16 17 20 22 24 26
15 3 4 6 8 11 12 14 15 17 18 19 20 26 27 28
16 3 5 7 9 11 12 14 15 17 18 19 22 23 24 26 28
15 1 2 4 5 6 8 10 11 12 13 16 21 25 26 29
15 3 4 5 6 7 8 13 18 20 21 24 25 26 27 29
18 1 3 6 7 8 9 10 12 13 16 17 18 22 24 25 26 27 29
12 3 4 6 10 11 12 13 15 18 20 26 28
14 2 4 6 7 8 9 10 16 18 19 22 24 27 28
15 1 2 3 4 6 8 12 13 14 15 21 22 23 24 26
11 2 4 5 6 13 15 16 18 20 25 28
13 1 2 3 4 9 11 12 19 20 21 23 28 29
15 1 2 4 5 6 9 14 18 20 21 23 24 25 26 27
17 1 5 6 7 8 12 13 14 18 19 20 21 22 25 26 27 28
16 1 2 6 9 10 11 12 13 15 16 18 19 20 22 23 26
7 3 11 19 20 21 23 24
12 5 6 9 11 13 15 19 21 24 25 28 29
16 1 4 8 9 10 11 12 14 17 18 21 22 23 24 25 29
18 1 2 3 4 5 6 10 11 13 15 16 19 20 21 22 24 26 29
15 1 2 3 6 8 11 12 13 15 17 18 19 20 24 29
21 1 2 3 4 5 6 7 9 10 13 14 15 17 19 20 22 24 25 27 28 29
15 2 5 7 13 15 17 18 19 20 21 24 26 27 28 29
13 2 6 10 13 15 17 18 19 20 21 23 26 27
19 2 3 4 5 6 8 9 11 12 14 15 18 19 21 22 23 26 27 28
9 1 5 6 8 9 17 19 22 28
14 2 4 6 9 10 13 14 16 17 22 23 24 26 28
19 1 2 3 5 6 7 8 9 11 13 14 16 18 21 23 25 26 27 28
44 62144
22 2 4 5 7 10 13 14 16 17 18 19 20 22 25 26 27 29 30 36 37 39 43
20 2 3 6 7 10 14 19 21 23 27 28 30 31 34 35 36 37 39 42 43
24 1 2 5 9 10 11 12 15 17 21 23 24 25 26 27 29 30 32 33 37 38 42 43 44
10 1 6 16 19 30 31 32 35 39 42
23 7 8 9 10 12 14 16 17 20 21 24 26 27 28 29 31 35 36 37 38 40 41 43
22 1 2 3 5 8 10 11 14 16 18 19 20 23 24 26 28 30 33 37 39 41 42
19 1 2 6 8 9 12 13 14 15 21 24 28 29 31 32 36 39 42 44
23 2 3 4 6 7 8 10 12 14 17 22 23 27 31 34 36 37 38 39 40 41 42 44
24 1 4 7 10 12 13 16 17 18 20 22 25 26 30 31 32 33 34 36 38 39 42 43 44
23 2 5 7 9 14 16 17 18 22 24 26 27 29 31 32 33 34 36 37 40 41 42 43
26 1 2 3 8 9 10 13 14 15 16 17 18 19 20 26 27 28 31 32 33 35 36 37 38 42 44
22 1 5 7 8 9 10 12 14 16 17 23 24 25 26 27 28 32 34 37 38 43 44
16 1 2 4 7 8 9 11 12 16 18 19 23 25 29 32 42
23 1 2 5 7 8 11 15 17 22 23 24 25 26 28 32 33 35 36 37 40 41 43 44
24 2 4 6 7 9 10 11 12 14 20 24 26 28 30 31 32 34 35 36 37 40 41 42 43
19 4 10 11 17 19 20 21 24 25 28 30 31 32 33 34 37 39 41 42
25 1 4 6 10 11 13 15 16 18 21 22 23 24 25 26 27 28 29 30 32 34 37 38 43 44
21 2 3 8 10 12 16 21 22 23 27 28 29 30 34 35 36 37 39 40 42 44
27 1 2 4 6 7 8 9 11 12 13 18 19 22 28 29 30 31 32 33 35 37 38 40 41 42 43 44
19 2 4 5 6 16 18 19 20 22 28 31 32 35 36 38 40 41 42 43
23 1 2 6 10 13 14 15 16 20 23 25 27 28 29 30 31 34 35 36 37 39 40 41
28 1 3 4 8 9 11 12 13 14 15 16 17 18 19 21 22 23 28 32 35 36 37 39 40 41 42 43 44
19 1 4 6 7 8 11 12 14 16 18 19 24 29 30 32 34 39 43 44
15 11 13 14 16 17 22 24 25 27 28 32 34 37 40 42
23 1 3 5 7 8 10 11 15 16 17 18 19 20 26 29 30 31 32 33 35 38 41 42
28 1 2 3 4 6 7 8 9 11 12 15 17 18 19 21 24 25 28 30 31 33 36 37 39 40 41 42 44
25 2 3 7 9 10 11 12 13 14 15 21 22 24 25 26 27 29 30 32 33 35 36 38 39 41
23 1 3 6 7 8 10 12 13 14 16 19 21 24 25 26 27 33 36 37 38 40 42 44
26 1 3 5 6 8 10 12 14 16 18 19 20 21 25 26 28 30 31 35 37 38 39 40 41 42 44
26 2 3 5 6 7 9 16 17 19 20 21 22 23 25 26 27 28 30 31 32 34 37 39 40 42 43
19 3 5 6 8 9 11 13 16 18 19 21 23 26 28 31 33 40 41 44
20 1 5 10 14 15 16 17 19 20 22 26 27 29 30 34 35 39 42 43 44
21 1 6 7 8 10 11 12 15 19 20 24 29 30 31 32 33 34 35 36 38 44
24 2 3 6 7 8 9 10 11 12 13 14 16 18 19 20 21 23 25 30 31 34 35 36 42
22 3 5 6 7 8 10 11 15 17 19 21 22 25 27 31 35 36 38 39 40 41 42
19 2 3 5 6 8 9 13 15 17 20 22 25 35 37 39 40 41 43 44
27 3 4 6 8 10 11 13 14 15 16 17 22 24 26 27 28 30 31 32 33 36 38 39 40 42 43 44
19 1 2 3 4 5 9 10 14 16 18 24 26 27 30 34 36 38 43 44
22 1 2 3 6 7 9 11 13 14 16 19 22 23 25 29 32 34 36 37 39 41 42
20 5 6 8 14 16 17 20 22 23 26 29 30 31 32 34 35 36 38 42 43
21 4 5 7 9 10 13 14 15 17 18 22 27 28 29 30 31 32 34 37 38 39
28 2 3 4 5 6 7 9 12 13 14 15 16 20 21 22 23 25 26 28 29 30 32 35 36 40 41 42 43
25 2 3 4 5 7 10 11 13 14 16 22 24 25 26 27 28 30 31 32 33 34 35 37 43 44
20 1 2 3 4 6 7 9 11 16 18 22 23 26 32 34 35 37 39 41 42
3 16049
2 2 3
3 1 2 3
2 2 3
50 100000
27 2 3 5 7 10 11 12 13 18 20 21 22 23 24 25 27 31 32 35 36 38 40 41 42 43 48 49
24 1 4 5 8 9 11 12 13 15 20 21 22 24 25 28 29 31 37 39 44 45 46 47 49
27 1 3 5 6 9 13 14 18 19 21 22 23 24 29 30 31 32 34 35 36 40 41 42 43 44 48 50
25 3 4 5 6 7 8 9 11 12 18 22 24 26 29 30 32 33 36 39 41 43 44 45 47 49
24 1 4 5 7 10 11 12 14 16 19 24 28 29 32 34 35 38 39 40 41 44 48 49 50
28 1 2 3 5 11 13 16 18 19 20 24 27 28 31 32 33 36 37 38 39 40 41 42 43 45 46 47 49
25 3 7 8 10 11 12 13 16 17 18 20 21 27 28 30 33 38 40 43 44 45 46 47 49 50
17 1 3 4 8 10 14 16 19 24 25 28 34 36 37 38 40 49
21 3 4 6 8 13 14 15 16 18 19 20 21 27 28 30 35 36 42 45 47 50
26 3 5 10 11 12 14 15 17 20 22 24 27 28 31 32 33 34 35 36 38 43 44 45 46 48 50
26 1 4 5 6 8 10 12 13 14 15 20 21 22 26 27 28 35 38 39 40 42 43 44 45 46 48
22 5 6 7 9 10 11 12 13 15 17 22 23 24 26 27 29 34 37 45 46 47 48
31 2 3 6 7 9 10 12 14 16 17 18 19 20 22 26 27 28 29 30 31 32 33 36 40 42 43 44 45 47 49 50
24 1 4 5 8 9 11 12 13 15 17 18 19 20 22 24 25 26 35 36 37 39 40 47 50
27 1 5 6 7 8 10 12 15 19 20 23 25 28 30 31 33 34 35 37 38 41 42 43 44 46 48 49
23 2 3 4 6 9 10 13 16 17 18 20 22 30 31 32 33 36 37 39 40 41 44 49
22 6 7 8 9 11 13 14 19 25 26 27 30 31 32 33 34 39 40 41 44 46 48
19 3 4 9 10 11 12 14 16 20 24 34 36 38 42 43 44 45 46 50
23 1 5 12 13 15 16 18 19 22 25 26 30 32 33 35 37 38 39 40 42 47 48 50
24 2 3 8 11 12 14 16 17 18 20 22 24 26 27 29 30 32 34 35 38 42 47 48 49
22 2 3 4 5 6 10 19 20 22 23 26 28 30 31 32 35 38 39 41 44 48 50
22 3 4 6 8 9 13 15 16 17 20 21 22 24 28 29 33 35 36 37 40 44 50
22 1 3 5 7 8 11 14 15 16 18 19 21 25 27 34 36 37 39 43 45 47 49
23 1 2 8 9 11 13 14 20 21 23 31 32 35 36 38 39 43 44 46 47 48 49 50
23 1 2 3 6 7 8 9 10 12 14 17 18 22 23 24 26 30 35 38 39 42 44 49
23 2 3 4 6 7 9 10 13 15 19 22 23 25 26 27 28 38 41 42 44 46 47 50
22 3 4 7 9 11 13 16 18 22 24 26 27 30 32 34 36 38 42 44 45 47 49
25 4 5 6 8 9 10 12 13 18 19 20 22 24 25 26 27 29 30 33 34 35 41 43 46 47
23 1 8 10 12 17 18 19 21 22 26 31 32 34 36 37 38 39 41 45 46 47 49 50
20 2 3 4 13 14 19 20 22 23 25 27 28 31 32 33 37 38 45 47 49
26 1 3 4 6 7 8 10 17 18 19 20 22 24 25 27 28 32 34 36 37 38 41 43 45 46 47
25 1 2 6 7 9 11 12 13 14 15 18 19 23 24 25 32 34 35 38 43 44 45 46 47 49
24 1 2 5 6 12 15 17 18 21 23 24 25 26 27 28 31 32 33 34 36 44 45 48 50
31 1 2 3 4 5 7 12 14 15 16 17 18 19 20 22 25 26 28 29 30 31 36 38 39 40 41 42 45 46 49 50
26 1 2 6 7 8 11 14 17 18 19 21 22 24 25 26 28 29 31 36 38 40 42 43 44 45 49
25 1 4 5 9 10 11 12 15 19 20 23 24 26 30 31 34 35 37 38 41 42 45 46 47 50
20 2 6 7 9 15 18 19 20 22 27 29 30 33 37 38 39 40 46 49 50
23 2 3 7 10 11 12 14 15 17 19 20 24 30 31 32 35 38 39 42 43 45 48 49
24 2 3 5 6 7 8 12 13 14 15 20 22 24 25 26 27 31 34 37 38 42 43 46 50
25 4 5 8 9 11 12 17 19 20 21 23 27 28 33 36 37 38 39 40 41 42 43 45 47 50
25 2 5 8 11 13 15 18 20 22 23 24 25 27 32 33 38 39 40 41 42 43 46 48 49 50
31 2 3 6 7 9 10 11 12 13 18 20 21 22 23 24 27 28 29 30 31 33 34 35 36 38 39 41 43 47 48 49
25 1 3 5 6 9 10 11 12 14 16 18 20 21 26 29 30 31 33 34 37 38 39 42 46 49
22 1 3 6 7 9 13 14 15 24 25 28 29 30 33 34 35 40 41 42 43 46 49
26 1 2 3 4 6 8 9 12 16 21 22 24 30 31 34 36 39 40 41 42 44 45 47 48 49 50
28 1 3 6 8 10 11 13 16 20 21 24 26 27 28 31 33 34 35 36 37 39 42 43 44 45 48 49 50
27 2 4 5 7 8 11 13 14 15 17 21 26 28 31 33 34 35 36 39 40 42 43 44 45 47 49 50
25 4 5 6 7 8 11 12 14 16 17 19 20 26 27 28 30 31 36 40 43 44 45 46 48 50
23 2 3 4 5 8 10 15 17 24 25 30 31 36 37 38 41 43 44 46 47 48 49 50
25 1 3 4 5 6 7 11 12 14 16 18 21 24 25 26 31 33 37 39 41 42 45 48 49 50
50 100000
25 3 6 7 8 9 14 15 16 22 23 27 28 29 33 34 36 37 38 39 40 42 43 44 47 48
29 1 2 3 8 9 10 11 13 15 16 20 21 23 25 26 27 30 31 34 35 38 39 40 42 43 46 47 48 49
29 1 2 3 5 6 8 9 10 11 15 17 18 19 21 23 24 25 27 28 30 33 34 39 42 43 44 46 48 50
28 1 2 3 5 6 7 8 9 11 12 13 19 24 25 26 27 28 29 34 36 37 38 40 42 43 47 49 50
21 2 4 5 9 10 11 12 15 17 19 22 28 30 31 34 36 38 44 48 49 50
22 5 8 9 10 17 21 22 23 24 26 28 30 35 36 38 41 42 43 45 46 49 50
28 1 3 4 6 7 8 11 12 13 15 16 20 21 22 24 26 27 28 30 31 33 36 37 41 42 45 49 50
19 2 4 5 6 7 18 19 20 22 23 27 30 35 37 39 40 47 48 49
22 4 5 10 11 12 13 15 19 22 24 25 28 30 33 35 36 40 41 42 44 45 47
25 2 3 4 5 9 12 13 14 15 17 21 28 29 30 31 33 34 39 40 42 43 46 47 48 50
25 1 4 6 7 9 11 14 17 18 22 23 24 27 28 30 33 34 35 37 40 41 43 47 48 49
23 2 4 8 9 14 15 16 18 24 27 28 29 30 31 33 36 37 38 41 46 47 48 49
24 3 5 6 7 10 11 12 14 16 17 18 19 23 28 33 34 35 36 37 38 41 43 46 50
22 4 6 7 8 10 13 15 16 22 23 24 26 28 29 34 36 37 38 44 48 49 50
27 1 2 5 8 9 10 11 15 16 18 19 24 26 27 29 30 31 34 36 39 40 42 45 47 48 49 50
26 2 3 6 7 8 11 12 13 15 21 23 24 26 27 29 31 34 35 36 38 40 42 43 47 48 49
23 1 3 4 6 11 14 15 16 19 21 24 25 26 30 31 33 35 37 38 41 42 45 46
25 2 3 4 5 9 11 12 13 15 17 18 19 20 21 22 25 27 33 34 41 42 43 45 47 49
28 1 4 5 7 10 12 17 18 19 20 21 23 25 26 29 30 31 33 35 37 38 40 41 44 45 46 47 50
23 1 2 3 8 10 11 12 18 19 22 26 31 32 34 36 37 38 39 41 46 48 49 50
25 1 3 5 6 7 9 11 12 15 16 18 19 21 24 26 27 28 31 32 35 36 39 40 41 42
28 1 5 6 7 8 9 10 11 12 13 14 21 22 23 24 27 30 33 34 35 36 38 39 41 44 45 47 49
21 4 5 8 11 15 16 22 23 24 26 27 28 29 33 38 39 40 41 46 48 49
25 2 3 4 6 8 9 11 12 13 16 18 20 21 23 29 34 35 37 39 40 43 44 46 49 50
30 1 2 4 7 8 9 10 14 15 16 18 21 22 24 27 28 30 31 32 35 37 39 40 42 43 44 45 46 47 48
23 2 3 5 8 9 12 15 16 18 20 22 23 24 26 27 33 34 35 37 38 39 43 45
18 1 2 9 13 15 18 19 21 25 28 33 34 37 38 40 41 43 50
26 2 6 7 10 11 12 14 15 16 18 21 23 25 28 29 32 33 35 36 38 39 40 41 43 48 50
31 1 3 4 5 6 7 8 10 11 15 17 18 21 22 23 24 25 26 28 29 32 35 37 42 43 44 45 46 47 49 50
26 3 4 5 7 8 13 16 17 18 20 25 26 27 29 32 34 36 39 40 41 44 45 46 47 49 50
26 3 4 6 7 9 10 11 13 14 18 19 20 21 24 26 31 32 33 35 40 42 44 46 47 48 49
28 1 3 5 7 9 10 12 14 16 18 20 21 23 24 28 29 30 31 32 37 38 39 40 41 43 44 47 50
24 2 3 6 10 11 13 14 17 18 23 25 29 31 32 33 35 36 40 42 43 46 48 49 50
22 1 5 6 7 9 10 13 17 18 21 25 27 31 32 34 35 37 40 42 44 47 50
23 2 4 5 6 7 8 10 14 18 22 24 25 26 29 35 38 39 40 41 45 46 49 50
29 3 4 5 8 11 12 14 15 16 17 18 19 23 25 26 29 31 33 35 36 38 39 40 43 44 45 46 48 49
32 3 4 5 6 7 8 10 11 12 13 14 15 16 17 18 19 22 23 24 25 27 31 33 34 35 36 37 38 39 42 46 47
28 3 4 10 11 13 16 17 19 20 22 23 26 27 28 29 31 32 33 35 36 39 41 42 43 46 47 49 50
22 1 5 7 9 10 12 17 19 20 21 26 31 35 36 37 38 40 42 45 46 47 48
19 3 4 8 11 12 13 14 18 19 23 28 30 32 33 40 43 46 49 50
30 3 4 6 8 11 14 15 16 18 19 20 21 22 23 25 28 29 33 34 36 37 38 41 42 43 44 46 47 49 50
30 2 3 4 5 7 9 10 11 12 13 14 15 18 19 20 21 24 25 26 27 29 33 35 37 38 40 41 46 47 49
20 2 5 8 11 12 18 19 20 21 25 28 30 32 33 35 38 39 40 41 47
20 1 2 5 12 15 16 18 22 24 26 28 29 30 33 37 43 45 47 48 50
26 1 2 3 5 6 8 9 10 12 13 15 16 17 19 22 24 25 26 27 34 39 40 41 43 46 49
29 5 7 9 10 11 12 13 15 16 21 23 24 25 26 28 30 34 35 36 38 39 41 42 43 44 46 47 48 49
24 1 2 3 4 5 6 15 16 17 18 19 20 24 27 29 31 33 39 41 45 47 48 49 50
26 2 7 8 11 12 20 21 22 23 25 26 27 28 29 30 31 33 34 35 37 39 40 43 44 47 50
21 5 13 14 17 18 20 21 24 27 29 34 35 36 37 39 40 44 46 47 49 50
23 5 9 10 11 12 16 17 20 22 24 26 27 29 30 33 35 39 40 42 44 45 46 50
50 100000
25 2 7 9 10 13 16 17 20 22 26 27 28 29 30 31 32 33 34 35 37 38 41 44 47 50
26 1 2 5 6 7 8 9 11 13 14 15 17 18 22 26 27 29 32 35 36 38 41 42 45 47 48
22 2 6 10 13 17 20 21 22 26 28 34 35 36 37 39 41 42 43 44 46 48 50
20 4 9 11 14 16 18 19 21 24 25 26 28 32 33 35 40 41 45 47 50
18 4 5 6 14 15 17 19 23 24 28 29 30 32 38 41 43 45 49
21 2 3 7 10 11 13 15 16 17 19 23 24 25 26 27 28 30 31 37 44 45
20 2 3 7 8 10 11 15 17 24 26 27 31 32 34 36 38 42 43 45 49
25 1 2 3 5 7 10 12 13 18 21 23 26 27 28 32 37 38 41 42 43 44 45 46 48 49
32 2 3 5 6 8 9 10 11 14 15 16 17 18 20 21 22 23 24 26 27 28 31 33 35 36 39 41 43 45 46 48 50
24 1 2 4 8 9 10 11 12 13 21 23 25 27 28 33 34 36 39 40 42 44 45 47 48
28 2 4 6 9 10 13 15 16 17 21 25 26 28 29 31 33 35 36 38 39 40 41 43 44 46 47 49 50
25 1 4 6 8 11 12 13 15 16 17 18 20 24 27 28 29 30 36 37 39 40 43 45 47 49
24 1 3 5 7 9 11 13 14 15 16 19 21 22 26 29 31 34 36 37 40 42 43 47 49
27 1 2 5 7 8 9 10 15 16 17 18 20 25 27 28 29 30 32 33 34 39 41 42 43 44 48 50
22 1 6 8 10 11 15 16 17 18 20 23 29 32 34 37 38 39 41 42 43 48 50
27 1 2 4 8 10 11 12 16 17 19 20 21 22 23 25 28 30 31 32 34 36 39 40 41 43 47 49
25 2 3 5 6 7 8 9 10 18 19 26 31 32 33 35 36 37 39 40 42 43 46 48 49 50
26 1 3 4 5 6 11 13 14 16 17 22 23 25 26 30 31 32 35 39 40 41 42 43 44 47 49
26 2 3 6 7 8 9 11 13 14 18 22 24 26 27 28 30 33 34 35 36 39 41 43 47 49 50
24 2 3 5 6 11 13 15 17 20 22 24 26 29 31 32 33 34 35 38 40 42 45 46 47
23 1 2 3 4 5 6 9 11 20 22 23 24 25 32 35 36 38 40 41 43 45 46 47
30 1 3 4 6 7 10 12 17 18 19 20 21 22 23 26 27 30 31 33 34 35 37 39 41 44 46 47 48 49 50
15 2 5 10 13 20 22 24 25 30 35 36 40 41 42 46
21 1 3 7 8 10 11 16 18 20 25 28 34 35 38 40 41 42 43 44 45 48
17 2 4 6 7 13 20 24 29 33 34 36 39 42 43 45 46 47
28 3 5 6 7 8 11 14 16 17 18 19 21 22 23 24 25 26 28 29 30 31 36 37 39 40 44 45 49
23 2 3 9 10 11 13 14 15 18 19 21 25 26 28 29 33 34 36 38 44 46 48 49
28 2 4 5 6 12 14 18 20 21 22 25 27 28 29 30 32 35 36 37 38 41 43 44 45 46 47 48 49
23 2 3 8 9 10 11 12 15 19 20 22 24 25 28 30 33 34 35 36 38 40 41 42
32 1 2 6 7 8 9 10 11 13 14 16 19 20 21 22 23 24 25 28 30 32 33 34 36 37 38 42 43 46 47 48 50
25 1 4 6 9 10 11 12 13 14 18 19 24 27 28 29 30 31 34 39 41 43 44 46 47 48
22 1 6 9 12 13 15 18 20 28 29 31 32 35 38 40 43 44 45 46 47 49 50
31 1 2 3 4 5 7 9 11 12 15 18 21 22 24 25 27 30 31 32 33 35 36 40 41 43 44 45 46 47 48 49
24 2 4 9 11 14 15 16 17 21 22 26 27 28 31 33 34 38 40 41 44 45 46 48 49
24 1 7 8 13 16 18 19 20 22 23 27 28 30 31 33 36 37 40 41 42 44 46 47 48
27 1 3 8 10 11 12 13 18 19 21 22 24 27 29 30 32 33 34 36 38 41 42 45 46 47 49 50
20 1 6 9 11 17 19 20 23 25 30 32 33 34 36 39 41 42 43 45 48
22 2 3 4 6 9 11 13 16 18 19 24 25 27 28 31 34 36 37 44 46 49 50
28 1 3 4 6 7 9 10 13 14 15 19 20 22 23 24 25 26 27 32 33 34 37 38 40 41 42 45 48
26 2 3 7 8 10 11 12 14 15 16 18 19 21 23 24 25 29 31 32 35 36 38 39 42 43 49
25 1 2 3 5 6 7 11 14 16 20 27 28 29 31 32 34 35 36 41 42 44 46 48 49 50
26 3 4 7 9 10 11 13 16 20 22 23 26 27 28 29 30 31 33 34 37 38 41 43 45 47 49
32 1 2 7 9 11 14 17 18 21 22 23 24 25 26 27 28 29 30 31 32 33 34 35 40 42 43 44 45 46 47 49 50
22 5 6 8 9 10 11 12 13 20 24 26 28 30 32 35 36 37 39 45 46 47 48
26 1 3 4 5 7 11 12 13 16 18 20 22 24 25 26 30 31 32 33 35 37 39 44 46 47 50
19 2 3 7 8 13 14 15 19 21 22 24 25 31 33 34 35 37 45 50
27 1 2 5 8 10 11 12 13 16 17 18 20 21 22 23 24 26 29 31 37 38 41 42 44 45 46 49
24 2 3 4 5 7 8 9 11 12 13 14 27 29 30 32 34 35 38 39 41 43 44 48 50
27 2 3 4 7 9 12 13 14 15 16 17 22 25 26 28 29 30 31 32 33 34 38 42 46 47 48 50
27 1 5 12 14 17 19 20 22 23 24 25 26 27 31 33 34 36 37 39 40 41 42 45 46 48 49 50
50 100000
23 2 3 4 8 9 12 18 20 21 22 25 29 31 34 36 38 40 42 45 46 47 48 49
22 1 4 6 7 8 9 12 14 20 23 24 26 27 30 32 34 35 43 44 46 47 48
27 1 2 8 9 12 14 16 21 22 24 25 26 27 32 35 36 38 39 40 41 43 44 45 46 47 48 49
28 1 2 5 6 7 12 13 14 15 16 17 18 20 21 22 23 31 33 34 35 37 38 39 42 43 45 48 50
21 2 3 4 7 8 9 13 15 17 19 20 22 23 29 33 34 38 39 44 46 49
25 2 4 6 10 11 12 13 14 16 17 18 26 27 30 32 35 37 40 41 43 44 45 46 47 49
29 1 2 4 9 11 12 15 17 18 19 20 22 23 24 25 26 27 28 29 30 31 35 36 38 42 43 45 49 50
28 5 8 9 10 11 12 13 14 15 16 17 18 19 22 23 24 29 30 34 35 36 40 43 45 46 47 48 49
17 2 9 11 13 21 29 31 34 37 38 39 40 46 47 48 49 50
26 1 5 6 7 9 10 11 12 19 22 23 26 27 28 29 33 34 35 37 38 39 41 43 45 46 48
26 1 2 3 7 9 12 15 17 23 24 26 27 29 32 33 35 37 39 40 42 43 44 46 47 48 49
19 5 9 10 11 13 15 17 18 21 24 28 29 30 33 34 37 44 45 47
18 2 5 10 11 13 18 19 21 22 24 31 33 34 35 41 48 49 50
22 2 6 10 11 18 23 26 27 28 29 30 31 33 34 35 36 38 40 42 43 44 50
25 3 5 6 9 12 13 16 17 18 19 20 21 22 23 27 31 32 33 37 38 39 42 43 46 48
21 1 3 5 6 7 12 14 15 20 21 25 26 38 39 41 42 45 46 47 49 50
20 3 4 6 7 9 10 11 15 20 21 24 25 31 33 34 39 43 44 48 50
29 2 3 4 5 6 7 8 9 10 12 18 20 21 23 26 27 30 33 35 36 37 39 40 41 42 43 44 45 46
31 1 2 4 5 6 8 9 14 15 16 17 18 20 22 24 25 28 29 31 33 34 35 36 37 38 39 42 43 45 48 50
18 3 4 5 10 11 14 16 21 24 26 29 30 33 40 42 44 46 48
22 5 12 14 15 16 17 18 20 21 24 27 28 29 33 34 38 40 42 44 48 49 50
23 1 3 4 6 8 13 14 18 19 20 21 22 24 26 31 34 35 36 38 45 46 47 48
20 1 2 3 5 13 19 20 21 22 25 26 28 35 36 37 38 47 48 49 50
23 2 6 11 12 14 17 18 20 21 22 26 27 28 29 31 35 38 41 42 43 44 45 48
23 3 6 7 15 16 18 19 20 22 24 26 27 29 30 31 32 36 38 42 43 45 49 50
23 1 2 3 4 5 7 8 11 14 15 17 19 28 29 30 31 32 33 35 36 38 45 50
20 2 5 7 9 11 12 14 17 22 27 28 30 33 37 40 41 43 44 45 49
19 1 2 8 11 13 14 15 16 21 22 23 29 33 36 39 40 44 48 49
24 1 2 3 4 5 6 9 11 13 15 18 20 21 24 26 27 31 36 39 43 44 46 47 48
29 3 5 6 7 9 10 13 16 17 20 21 22 23 25 26 27 28 32 35 36 37 38 39 40 41 42 43 44 48
25 1 3 5 7 12 14 16 18 20 21 22 23 24 26 27 32 33 36 39 40 41 42 45 49 50
20 2 4 5 8 12 13 16 21 23 26 29 30 32 33 37 40 42 46 47 50
29 1 3 4 5 6 7 8 9 10 12 13 14 15 17 19 20 21 23 26 28 34 36 37 38 39 40 42 46 49
28 1 2 4 5 7 8 9 11 12 16 17 20 22 25 26 27 28 31 32 33 34 35 36 38 39 42 44 48
27 4 7 8 9 10 11 14 17 19 21 22 26 27 28 29 31 33 35 36 37 40 42 43 44 45 46 50
20 7 8 10 17 19 20 21 22 23 26 27 28 30 32 35 39 40 42 48 50
28 1 3 4 6 9 10 13 15 19 23 25 26 27 30 31 32 33 34 35 36 37 41 42 43 44 47 49 50
26 1 2 3 5 9 10 13 14 15 19 20 21 22 24 25 29 30 31 34 40 42 43 44 47 48 50
28 1 2 3 5 9 10 12 14 15 18 19 21 24 25 28 30 31 32 34 35 36 38 40 43 45 46 47 48
30 5 6 9 10 11 13 17 18 19 20 21 22 24 25 28 29 31 33 34 35 36 37 39 41 42 44 45 47 48 49
29 2 3 6 9 11 14 16 18 22 23 24 25 26 27 28 32 35 37 38 39 40 41 44 45 46 47 48 49 50
23 1 2 5 8 13 14 18 20 21 23 25 27 28 29 30 32 33 35 36 37 40 41 43
24 1 2 5 8 11 14 16 17 22 23 25 28 31 36 37 38 39 41 42 43 44 46 47 50
26 2 4 5 6 9 11 12 13 15 21 22 26 27 29 31 32 33 35 36 39 40 41 42 43 44 49
27 1 2 3 5 6 8 12 13 14 17 19 20 21 22 24 26 28 29 30 32 34 35 40 43 47 49 50
23 1 3 5 7 8 14 17 19 20 23 24 26 27 28 30 36 38 39 41 43 47 48 50
18 2 3 5 8 13 14 15 17 18 21 22 26 34 37 40 46 47 49
27 3 5 8 13 14 15 16 17 19 20 22 24 27 28 29 31 34 36 37 38 40 42 44 45 47 48 49
26 2 3 5 7 8 9 11 14 15 16 18 19 21 24 26 30 31 32 33 34 35 38 39 46 47 48
22 1 4 5 6 8 12 14 16 17 20 23 26 29 30 35 36 38 39 40 41 48 49
50 100000
24 1 3 6 7 9 13 17 18 19 20 25 27 28 29 32 33 34 39 40 42 44 45 46 50
23 3 5 7 8 10 11 12 15 16 17 18 19 20 21 24 25 27 34 35 39 42 44 50
18 1 2 4 5 8 10 17 22 25 29 31 32 34 36 38 40 41 43
23 2 3 5 6 9 10 14 15 16 18 19 26 32 33 35 36 38 40 41 44 46 47 48
23 1 3 4 5 6 7 8 12 13 14 19 20 21 22 26 33 36 37 40 41 43 44 50
22 2 4 6 7 11 13 15 17 18 19 21 26 28 29 30 31 34 40 41 46 47 48
23 3 4 6 7 8 10 12 14 17 18 21 23 24 26 27 31 37 38 42 43 48 49 50
24 1 4 6 7 10 11 13 15 19 22 23 24 25 26 27 29 32 34 38 39 40 45 47 48
26 5 6 8 9 10 12 13 14 16 18 19 22 25 26 28 29 31 34 35 38 42 44 45 47 48 50
29 2 5 7 9 10 11 15 20 21 22 24 25 27 29 30 31 33 34 36 38 39 40 41 42 44 46 47 48 49
23 1 2 6 7 9 10 11 13 15 20 22 23 25 28 30 31 39 40 42 43 47 48 49
29 3 6 10 12 13 14 16 17 18 19 22 23 24 26 27 28 29 30 32 33 35 37 38 39 41 42 44 48 50
31 1 2 3 4 5 6 7 9 10 11 12 13 15 17 18 19 23 24 26 27 29 31 32 33 36 37 39 44 45 46 48
31 1 3 4 5 6 7 9 12 14 15 16 19 20 22 23 26 28 30 31 33 34 36 37 38 39 41 43 47 48 49 50
26 2 3 4 5 7 9 10 11 13 15 17 21 27 30 31 32 35 36 39 40 41 43 44 47 48 50
27 1 2 3 4 5 7 9 10 12 15 16 18 19 23 24 25 26 28 31 32 37 39 41 44 45 48 49
27 1 5 8 9 14 15 17 18 20 21 24 25 26 28 29 30 31 33 35 36 37 38 40 42 43 47 50
22 1 6 8 13 14 17 18 19 21 26 27 31 34 38 40 43 44 45 46 47 48 49
23 2 6 8 10 11 13 14 15 16 18 19 21 25 26 27 28 29 34 36 40 48 49 50
17 1 2 3 9 15 16 19 25 26 28 29 31 32 37 39 44 46
26 1 3 5 6 7 8 10 20 22 23 25 27 29 31 33 35 37 38 39 41 42 46 47 48 49 50
24 5 6 9 10 11 12 13 14 17 18 19 21 22 25 28 29 30 32 36 42 46 48 49 50
26 1 6 8 13 14 15 16 17 19 20 21 24 25 27 28 30 37 39 40 41 43 45 46 47 48 49
29 2 5 6 8 9 10 11 12 14 16 17 18 19 23 24 27 28 32 33 35 36 39 42 43 44 45 46 47 48
21 3 7 8 17 18 26 27 29 30 34 35 36 37 40 41 43 44 46 48 49 50
29 1 3 4 5 6 10 11 14 21 22 23 25 26 27 28 29 30 32 33 36 37 40 41 44 46 47 48 49 50
25 1 2 3 4 5 6 8 9 13 15 16 17 19 21 23 25 26 29 38 40 41 44 45 47 48
25 1 8 9 11 12 13 15 17 20 21 24 26 30 32 33 34 35 36 39 41 42 44 46 48 49
26 1 2 3 4 7 8 11 12 13 15 16 17 19 21 25 26 27 28 30 38 39 41 42 43 44 48
19 2 3 4 5 8 13 16 17 19 21 22 23 30 31 37 40 41 48 50
27 1 2 4 7 8 9 10 11 13 14 15 16 17 18 20 21 24 26 29 32 33 36 38 42 44 48 49
27 1 3 5 7 8 10 11 12 15 16 20 21 23 24 25 29 33 34 35 36 38 40 41 43 44 46 48
31 1 3 4 5 8 10 14 15 16 17 19 20 21 23 24 25 28 29 31 32 34 36 37 40 41 42 43 44 45 46 48
28 2 3 4 5 6 8 15 16 17 18 20 22 24 25 28 31 32 33 34 35 36 38 44 45 46 48 49 50
24 1 2 4 5 9 11 19 20 22 23 24 25 29 32 33 35 37 39 42 44 45 48 49 50
27 1 2 5 6 7 8 9 10 14 15 16 17 20 21 24 26 28 29 31 35 37 38 42 43 45 49 50
26 2 3 4 8 9 14 16 17 18 20 21 22 26 30 31 32 35 36 37 39 40 42 44 46 48 50
21 3 4 5 6 8 10 12 17 23 24 25 27 28 34 35 36 37 40 44 47 49
24 4 5 7 8 9 14 18 19 22 24 25 27 29 30 31 32 38 39 41 43 44 46 47 48
21 1 2 5 14 15 17 21 23 25 27 28 29 31 32 37 40 41 42 46 47 49
27 4 5 7 8 9 11 14 16 17 18 19 21 23 24 26 27 29 34 37 39 40 42 44 45 46 49 50
23 1 12 13 17 18 19 20 21 25 26 28 32 33 34 35 38 40 43 45 46 47 48 49
21 1 4 5 7 8 11 14 15 21 22 23 24 25 27 28 29 34 42 47 48 49
31 1 2 4 6 15 17 19 20 22 23 24 25 26 27 28 29 30 31 32 33 36 38 39 41 42 43 44 45 46 49 50
25 6 8 10 11 12 13 15 16 18 19 21 27 29 30 33 34 35 36 37 43 44 45 47 49 50
24 6 7 8 13 16 18 19 20 24 25 27 29 30 31 34 36 37 40 41 42 43 45 48 50
21 1 4 5 6 7 8 9 10 12 17 19 21 28 29 31 34 35 37 40 43 46
27 1 2 3 4 8 9 10 14 17 19 22 23 24 30 31 32 34 35 37 39 42 43 44 45 46 47 49
26 2 4 5 6 8 9 10 15 16 18 19 20 24 26 28 29 32 36 37 40 41 42 43 44 49 50
23 3 4 5 6 9 10 14 16 17 20 24 25 27 28 32 35 36 38 39 40 43 48 50
50 100000
27 2 3 6 7 9 10 11 12 14 17 20 21 23 28 29 30 31 34 35 39 40 41 42 45 47 48 50
29 1 2 4 5 6 7 8 11 13 14 15 16 20 21 24 26 27 29 30 33 34 36 37 39 41 43 48 49 50
25 1 2 4 6 7 8 9 12 16 17 18 19 20 22 25 28 29 30 38 39 41 43 45 49 50
19 2 3 4 6 8 14 15 21 23 25 26 33 34 35 36 37 41 42 43
27 2 4 6 8 9 11 12 13 14 15 16 17 18 19 20 21 23 25 27 35 36 37 39 45 46 48 49
30 1 2 4 5 6 8 9 12 13 15 16 17 18 19 20 21 26 27 33 34 35 36 37 38 40 41 44 47 48 49
15 1 4 6 9 16 19 22 25 27 30 33 36 41 44 48
33 1 3 5 6 10 11 12 13 14 15 16 17 19 20 22 23 26 29 31 32 33 35 37 39 40 41 42 43 44 47 48 49 50
28 1 2 3 4 5 6 7 8 9 10 13 16 17 18 22 27 29 31 34 36 37 38 39 41 42 44 45 46
19 7 9 10 13 14 16 20 22 23 26 31 33 36 38 42 43 44 46 47
25 1 3 6 10 12 14 16 18 20 21 23 24 25 27 28 30 33 34 35 40 42 43 46 48 50
29 1 3 5 7 8 10 12 14 16 17 18 19 21 24 25 26 28 29 30 32 33 35 36 39 41 42 44 48 50
25 1 8 11 12 14 16 19 21 22 24 25 27 29 31 32 34 35 36 37 39 42 45 47 48 49
33 1 3 4 6 7 8 9 10 11 16 17 18 20 21 23 26 27 30 31 32 35 36 38 39 41 42 43 44 45 46 47 49 50
19 3 5 7 10 11 12 16 17 21 23 24 27 39 43 44 45 46 47 50
26 2 5 6 7 8 9 10 12 13 15 16 18 21 24 25 26 31 32 33 35 37 40 41 46 47 48
23 2 5 8 10 12 14 16 17 18 20 21 27 29 35 36 37 38 42 43 44 45 48 50
27 1 4 6 8 9 10 13 14 15 16 19 20 23 25 29 30 32 35 36 39 40 41 45 46 47 48 50
22 1 5 7 8 9 10 11 12 15 17 18 22 32 34 35 40 42 44 46 47 49 50
23 2 5 7 8 10 12 13 15 17 19 21 23 24 26 30 31 32 36 40 42 43 47 49
24 1 2 6 8 9 10 11 13 17 20 21 24 33 35 36 37 38 39 40 42 47 48 49 50
25 1 5 8 10 13 14 15 16 17 20 22 23 24 25 26 28 30 31 32 40 42 44 46 48 49
32 1 2 4 5 7 8 9 10 11 13 14 15 16 18 19 22 23 24 25 27 28 33 34 37 38 39 40 43 44 45 48 49
23 1 2 4 5 7 9 11 14 15 16 18 19 20 22 25 28 29 30 31 37 38 44 46
22 1 2 4 7 10 13 15 16 17 18 21 24 25 26 27 29 40 42 43 44 45 46
31 2 3 4 8 9 12 13 15 16 17 18 20 21 22 24 28 29 31 33 36 37 40 42 43 44 45 46 47 48 49 50
34 1 2 3 4 5 6 8 10 12 13 14 15 16 17 19 20 21 22 24 29 33 35 37 38 39 40 41 42 43 45 46 47 48 49
28 1 4 5 6 9 10 14 16 17 21 22 24 25 27 29 30 32 34 35 37 38 40 41 45 46 48 49 50
21 2 6 7 11 16 17 20 21 23 27 30 33 34 36 39 41 42 43 45 46 48
29 1 3 4 6 7 8 9 10 12 14 16 18 19 20 21 22 25 26 28 30 31 32 35 36 37 38 41 46 49
24 2 3 7 9 11 12 13 15 16 19 20 21 23 24 28 29 30 33 34 35 37 38 49 50
24 2 6 10 11 14 15 18 21 23 24 25 32 33 35 36 38 39 41 44 45 46 47 48 49
23 3 5 8 10 11 12 14 15 18 19 24 25 26 27 32 36 37 38 39 41 42 43 44
28 1 2 4 6 8 9 11 13 16 18 20 21 22 23 24 27 28 29 31 33 34 35 41 42 43 44 47 49
26 3 5 6 7 8 10 12 13 14 17 19 20 22 24 27 29 32 33 37 38 40 41 45 46 47 49
23 4 10 12 13 15 17 18 21 22 23 24 27 28 30 31 32 34 35 39 41 42 49 50
23 2 6 7 8 9 11 12 15 20 24 27 29 30 31 33 34 35 41 44 46 47 49 50
28 1 3 4 5 6 9 10 11 12 13 15 17 21 23 25 27 29 30 31 32 33 36 37 40 42 44 45 46
25 2 4 5 7 10 11 14 16 17 19 21 22 25 30 32 33 35 37 38 39 40 43 45 46 49
24 1 5 6 7 11 14 15 19 20 21 24 25 26 28 32 33 34 35 41 44 45 47 48 49
24 4 5 12 15 18 21 22 23 25 26 27 28 29 30 32 36 39 42 43 44 45 47 48 49
30 1 2 3 4 5 7 8 10 11 12 13 14 15 16 18 21 24 26 27 30 31 34 35 37 41 46 47 48 49 50
26 1 4 5 6 8 10 11 12 14 18 20 25 26 28 31 32 35 38 39 40 42 44 45 46 47 49
29 3 4 6 8 10 11 14 16 17 19 20 22 24 27 28 30 31 33 35 36 37 39 40 42 43 44 46 49 50
21 2 3 5 12 18 20 21 23 25 27 30 32 33 34 38 40 41 43 44 48 49
27 3 4 6 8 9 10 11 12 17 18 21 22 23 25 26 30 32 33 34 36 38 40 41 44 46 49 50
24 1 3 4 6 7 9 15 17 18 20 23 25 27 28 29 32 36 39 40 41 43 45 48 50
26 1 2 3 5 8 9 10 11 14 15 16 17 21 25 26 27 28 32 34 37 38 41 42 43 45 49
26 1 2 3 8 14 15 18 19 20 22 23 24 25 26 28 31 35 36 39 42 43 45 46 48 49 50
27 2 3 5 6 7 10 11 16 17 18 19 20 21 22 23 25 26 29 33 34 36 40 42 44 46 49 50
50 100000
27 3 4 5 6 7 8 9 11 13 14 19 20 21 22 23 24 27 28 29 31 33 34 36 42 43 47 48
22 2 4 5 6 8 10 14 16 17 19 20 21 25 26 30 32 34 37 41 42 45 48
18 4 9 11 14 16 17 18 21 27 31 34 38 39 40 44 46 47 50
26 1 3 4 5 6 7 9 10 16 21 23 27 29 30 33 34 37 39 40 41 43 44 46 47 48 49
27 1 2 3 4 5 7 8 12 13 15 18 19 21 22 23 24 26 27 28 29 33 37 39 44 46 49 50
21 1 4 7 9 10 11 13 15 17 25 28 29 30 33 35 36 37 39 42 49 50
25 1 2 3 5 6 7 8 9 12 13 16 18 20 24 27 29 30 35 37 38 41 44 46 47 49
26 2 3 8 9 12 13 14 16 17 19 21 22 24 25 29 31 32 36 37 38 39 42 44 46 47 48
30 1 5 6 9 10 11 12 14 15 16 17 18 19 20 21 24 25 26 28 29 30 32 35 37 39 42 43 45 47 48
23 2 4 8 10 11 14 16 17 18 20 23 24 26 30 34 35 39 40 42 43 45 46 50
21 4 10 15 18 19 21 23 27 29 31 32 35 36 37 39 40 45 46 47 48 50
22 3 4 5 6 8 16 18 19 21 27 30 34 35 37 41 42 43 44 46 47 48 49
25 3 4 5 6 7 10 11 14 17 24 25 26 27 34 35 36 37 38 40 41 42 43 44 45 48
24 1 7 10 11 13 14 15 18 20 24 26 27 28 31 32 35 36 37 38 39 40 44 45 46
31 2 5 7 9 11 13 14 15 18 24 25 26 27 28 31 32 33 34 35 36 38 39 40 41 42 43 44 45 46 47 48
19 2 4 5 8 13 14 18 21 24 26 27 28 29 30 32 38 47 48 50
24 3 5 14 15 17 19 20 21 23 25 26 27 30 32 35 40 41 42 43 44 45 46 48 50
31 1 2 3 4 5 7 11 12 13 17 18 19 20 23 24 25 27 29 30 32 33 36 37 38 39 41 43 45 46 49 50
20 6 7 8 10 15 16 18 21 22 23 24 26 27 31 32 35 37 39 48 50
26 1 3 7 9 10 12 13 17 20 22 24 27 28 29 31 33 34 38 40 42 43 44 46 47 48 49
30 1 5 8 9 10 11 12 13 14 16 17 18 19 22 23 24 25 29 31 32 34 35 37 38 39 40 42 44 45 47
22 1 2 3 5 7 10 12 14 15 16 20 21 26 27 31 33 35 36 39 43 46 50
30 1 2 3 4 5 7 8 9 10 11 12 13 15 16 20 22 23 26 27 28 29 31 33 34 37 41 44 46 48 50
25 1 2 3 4 6 8 9 11 12 14 18 20 24 27 28 31 33 35 40 41 42 45 47 49 50
21 3 4 6 7 10 11 12 14 18 20 21 23 32 33 34 35 36 37 41 44 50
24 1 4 7 8 9 18 22 23 24 26 27 28 32 33 34 39 40 41 43 44 45 47 49 50
20 4 7 15 18 21 24 26 29 30 31 34 35 37 39 40 41 42 44 49 50
22 5 9 12 13 14 17 18 19 20 21 22 23 24 25 27 30 32 33 35 38 39 45
30 3 4 8 9 10 11 12 13 15 17 18 19 20 21 25 28 30 31 32 33 34 36 37 40 41 42 45 46 49 50
18 8 9 11 13 15 16 19 21 22 26 28 32 34 38 43 46 47 50
23 5 7 10 12 13 14 17 18 22 24 26 27 28 34 35 38 41 42 43 45 47 48 50
26 1 2 4 6 7 8 9 11 12 15 16 17 18 21 23 27 28 32 34 35 36 37 40 42 49 50
22 2 3 4 5 6 7 11 12 14 18 22 26 28 29 32 33 34 41 44 45 46 49
14 5 8 13 14 17 18 19 26 27 35 42 43 47 49
25 4 5 6 7 8 9 10 11 12 20 21 22 25 28 29 32 34 35 38 39 40 44 47 49 50
26 4 5 6 9 14 16 18 19 22 25 26 27 28 29 30 32 33 34 37 39 40 43 44 46 47 49
32 1 2 3 5 6 7 9 11 12 13 16 18 19 20 23 25 26 27 28 29 30 32 33 34 36 40 41 42 47 48 49 50
21 2 4 5 6 10 11 14 18 23 26 27 29 38 39 40 43 44 45 47 48 50
20 2 4 6 11 15 16 18 19 23 24 30 33 34 35 38 40 41 43 44 47
31 1 2 3 5 7 8 9 10 11 12 13 16 17 18 19 20 23 24 25 26 28 29 30 31 36 37 39 40 45 47 49
24 3 5 6 8 12 15 16 18 22 24 30 33 34 35 37 38 39 40 42 44 45 47 48 50
21 1 4 5 9 15 19 21 23 28 30 31 33 34 37 38 39 41 43 44 46 49
22 1 4 5 6 9 10 18 19 26 27 29 30 32 33 35 40 41 42 43 44 45 49
28 1 2 6 7 8 9 11 15 16 18 22 23 25 26 27 29 30 32 33 35 37 38 41 46 47 48 49 50
20 1 3 4 5 7 8 11 13 14 15 16 17 21 25 37 40 41 44 46 48
26 1 3 9 11 12 13 14 15 17 18 19 24 28 29 32 33 34 35 38 41 42 43 47 48 49 50
15 1 4 8 9 10 14 30 32 34 38 42 43 45 46 50
20 1 2 9 10 11 15 23 28 31 32 33 34 37 38 39 40 41 44 46 49
21 3 4 5 6 12 14 15 17 20 21 23 27 30 32 33 36 37 40 43 44 49
24 5 6 7 8 11 15 17 19 20 21 22 25 26 27 28 30 31 32 33 35 40 45 49 50
50 100000
27 2 4 5 7 8 10 13 14 15 16 17 18 19 21 24 27 28 32 35 41 42 43 44 45 46 47 48
29 2 3 7 8 9 12 13 14 15 16 18 19 21 23 24 26 29 30 31 35 39 40 41 42 43 44 47 49 50
24 1 4 5 7 8 14 16 24 26 27 28 31 32 35 36 40 41 44 45 46 47 48 49 50
27 3 11 14 16 17 18 19 20 21 22 23 25 26 29 30 31 33 34 36 37 38 39 41 43 47 48 50
24 4 5 8 10 14 15 17 18 19 27 28 30 31 32 33 35 36 37 38 39 42 44 45 46
26 1 4 5 7 8 9 14 15 16 17 18 19 20 24 27 28 29 35 36 39 40 41 42 45 46 48
28 2 3 5 7 9 10 13 14 16 17 18 19 21 22 24 26 27 28 29 33 35 36 37 40 41 42 45 49
26 1 5 7 11 13 14 15 20 21 24 27 28 29 31 32 33 34 37 39 40 42 43 44 47 49 50
23 3 7 8 9 11 14 16 21 23 24 25 27 29 30 31 32 35 37 39 43 44 47 50
23 3 8 10 11 13 14 16 19 20 21 22 24 26 27 30 31 35 37 41 42 45 48 50
20 1 7 8 9 10 12 14 15 17 20 21 25 27 31 33 34 39 43 46 48
28 1 3 4 5 8 11 14 15 17 18 19 20 21 24 29 32 34 35 36 37 39 40 41 42 43 44 46 48
27 3 7 8 9 11 12 15 16 17 19 24 25 26 28 29 30 31 32 35 37 38 39 41 42 46 48 49
26 3 6 9 10 11 12 14 20 21 22 23 24 25 26 29 30 34 35 37 39 41 44 45 47 49 50
24 3 4 7 9 10 12 16 19 20 21 23 25 27 29 31 34 36 37 38 39 42 48 49 50
29 4 5 6 8 9 11 12 13 14 16 17 21 22 25 26 27 28 29 30 32 33 35 38 40 41 44 45 47 50
30 1 2 3 5 7 11 13 14 17 18 20 22 24 25 29 30 31 32 35 37 38 39 40 42 45 46 47 48 49 50
23 1 2 6 13 15 16 17 20 21 25 26 29 30 31 32 33 35 37 42 43 47 48 50
24 1 2 5 6 7 11 13 14 20 23 24 27 30 31 33 36 37 38 41 42 43 47 49 50
25 1 2 5 10 11 12 13 14 15 16 18 19 20 22 23 26 27 32 33 35 40 41 43 44 46
31 1 2 3 6 7 8 9 11 13 14 16 18 19 21 24 25 29 31 32 33 36 37 40 41 42 43 44 45 47 48 50
23 3 7 10 12 13 19 20 22 23 27 29 30 32 33 34 35 36 37 39 40 45 46 48
25 2 7 11 14 18 22 23 24 25 27 28 30 31 33 35 36 37 38 39 42 43 45 46 48 50
22 1 3 4 5 9 10 12 14 16 18 19 25 27 30 32 33 37 41 44 45 49 50
28 1 2 6 7 9 11 12 13 14 16 17 20 21 25 29 30 31 33 35 36 37 38 40 45 46 48 49 50
25 2 3 4 5 9 10 11 12 16 20 22 23 24 28 31 32 34 37 39 40 41 42 43 45 47
22 1 4 5 9 11 12 13 16 20 21 26 29 31 34 35 36 38 39 42 44 48 50
27 1 4 5 8 12 13 15 18 19 21 22 27 28 29 31 33 36 37 38 39 41 42 44 46 47 48 49
31 4 6 8 9 10 11 13 14 15 16 17 19 20 21 22 23 24 25 27 28 29 32 35 36 38 39 40 41 42 44 50
30 1 2 7 8 11 12 16 17 18 19 22 23 25 28 29 30 32 33 34 35 36 38 39 41 42 43 44 45 46 49
25 2 3 6 7 9 10 11 13 14 15 17 18 19 22 23 26 34 36 37 39 41 43 47 49 50
24 2 4 6 7 18 19 20 21 22 23 24 26 27 28 30 36 37 39 40 41 44 47 48 50
20 3 5 7 8 11 13 14 17 20 22 26 27 29 33 34 37 43 44 47 48
29 1 2 4 6 7 8 9 10 11 12 14 16 19 20 25 26 27 30 32 39 40 41 42 43 44 45 46 47 49
29 1 5 7 8 9 10 12 13 14 15 18 24 26 27 29 31 32 33 34 35 37 39 40 41 42 44 45 49 50
26 2 3 8 10 11 13 14 16 17 19 20 26 27 28 29 31 36 37 38 39 41 42 44 45 47 48
27 2 3 8 9 11 12 18 19 21 23 25 26 27 28 30 31 34 35 36 37 41 42 43 44 47 48 49
27 2 5 6 7 8 9 10 12 14 16 17 20 22 24 26 27 28 29 35 36 39 40 41 43 44 47 48
26 2 3 5 7 8 9 11 12 14 17 19 20 21 22 23 27 32 34 35 38 39 40 44 45 49 50
22 2 3 5 7 14 15 16 18 19 23 24 25 26 29 31 34 35 38 42 43 46 47
26 1 2 3 5 9 11 15 16 18 20 21 22 23 25 29 32 34 35 40 41 44 45 46 48 49 50
27 2 3 6 7 8 9 11 15 19 20 24 26 27 28 29 32 33 34 35 36 37 38 40 44 45 47 50
27 1 2 5 9 12 13 15 21 22 23 24 25 26 27 28 30 34 36 37 38 40 41 43 47 48 49 50
21 4 6 9 10 12 19 20 21 22 23 26 29 30 31 34 35 39 42 45 48 50
23 2 3 4 5 6 11 12 13 14 17 18 24 26 27 34 38 39 40 43 45 47 48 50
25 2 3 6 9 10 11 12 13 14 15 20 21 25 29 30 31 32 33 34 42 43 44 48 49 50
22 1 2 3 5 8 9 10 13 14 16 18 20 21 22 24 25 32 34 39 45 46 49
28 2 3 4 6 7 10 11 15 16 22 24 25 26 27 29 30 32 35 37 38 40 41 43 44 46 47 48 49
27 3 4 5 6 8 12 13 16 17 18 19 21 22 24 25 26 28 29 30 34 36 38 40 42 44 49 50
23 2 3 4 5 9 11 12 13 15 16 21 22 23 25 27 28 29 30 32 33 35 37 46
50 100000
21 4 5 7 11 14 20 21 22 25 26 27 32 34 37 40 42 43 44 46 48 49
24 1 2 11 16 19 21 22 26 29 30 31 32 33 34 35 39 41 42 43 44 45 46 49 50
22 1 2 4 5 6 16 17 21 23 24 26 28 31 33 36 37 38 39 44 45 47 49
24 1 2 4 6 7 8 9 10 14 16 20 21 22 25 26 29 31 34 35 36 39 42 44 46
32 2 3 4 5 7 8 9 10 11 12 14 15 18 20 21 22 25 27 28 30 31 33 36 39 40 41 42 43 44 45 48 50
25 2 3 4 5 6 11 12 14 16 17 18 23 24 26 31 32 35 36 37 39 40 45 48 49 50
24 4 7 8 9 10 11 14 16 17 20 21 23 26 28 29 30 34 37 38 41 42 43 45 46
26 1 3 4 5 7 14 16 18 19 20 22 23 27 28 29 33 34 35 38 39 42 43 46 47 48 50
25 4 7 10 11 14 15 17 19 20 21 23 24 28 29 33 34 38 39 41 43 45 46 48 49 50
19 1 2 4 10 11 17 18 21 26 28 29 30 33 38 39 42 44 48 50
32 1 2 3 4 6 7 8 10 12 13 14 15 16 17 18 19 21 24 25 26 30 31 34 35 36 38 39 40 43 47 48 50
21 4 7 10 11 12 13 15 16 18 19 26 27 28 33 37 38 39 42 43 44 45
28 1 6 7 8 9 10 11 12 13 15 17 19 20 21 23 24 25 26 27 29 34 35 36 41 43 44 48 50
26 3 6 7 8 9 10 11 13 15 16 20 23 24 26 27 28 29 30 36 37 40 43 46 47 49 50
23 1 3 6 7 9 12 15 17 19 20 23 24 27 30 31 33 35 36 41 42 45 47 50
22 2 3 7 9 10 14 16 18 21 22 28 29 32 34 35 39 41 43 44 47 48 49
17 6 8 18 22 24 25 26 31 32 33 39 42 43 46 48 49 50
27 3 4 5 6 7 8 9 10 12 19 20 21 22 24 25 26 27 28 29 33 34 37 40 41 42 43 45
23 1 2 4 7 8 10 14 16 18 20 27 29 31 33 34 35 38 39 41 43 45 46 49
27 1 3 4 5 6 9 11 12 13 14 15 16 19 23 29 30 31 32 34 35 37 39 40 41 44 45 47
32 1 2 3 4 6 7 8 9 10 12 13 14 15 17 18 21 24 25 26 27 31 32 33 34 37 38 39 40 43 45 49 50
24 1 3 5 7 9 13 15 16 19 20 22 24 28 32 33 35 39 40 42 43 44 46 47 50
28 2 6 8 9 10 11 12 13 14 15 16 17 21 22 23 27 28 30 32 33 34 35 36 38 44 45 49 50
24 1 2 11 12 15 17 21 22 23 24 29 30 33 34 35 36 38 39 40 43 45 48 49 50
18 5 6 10 12 16 22 23 25 29 30 31 33 35 37 41 43 47 48
22 2 4 6 10 11 12 13 14 16 17 21 26 27 29 30 34 35 37 39 45 47 50
26 1 4 5 9 10 13 16 18 19 22 23 24 25 27 28 31 32 33 34 35 36 38 40 45 47 49
26 2 5 6 9 10 11 12 14 16 18 20 21 22 24 25 26 27 30 31 36 37 38 39 41 45 46
29 3 4 9 10 11 12 13 14 17 18 19 22 23 25 26 27 29 30 32 33 35 37 41 43 44 45 46 48 50
33 1 2 4 5 8 10 11 12 14 15 17 18 20 22 23 24 26 28 29 30 31 32 35 37 39 40 41 44 45 47 48 49 50
22 1 2 10 11 12 14 18 19 21 23 24 25 30 35 37 39 41 42 43 46 47 50
20 1 5 6 7 8 12 14 18 21 25 26 30 33 35 37 40 45 46 49 50
24 3 4 6 7 10 15 17 19 20 21 27 29 31 32 34 37 38 39 40 41 42 43 44 50
25 2 4 5 8 11 15 17 19 20 22 23 24 25 27 31 32 33 34 37 38 39 41 46 49 50
24 2 3 4 5 14 15 20 21 24 25 29 31 32 33 36 37 38 40 43 44 46 47 48 49
28 1 2 3 4 5 6 8 11 12 13 15 16 18 20 25 27 28 29 30 31 32 33 38 39 44 47 48 50
21 1 2 4 7 9 12 13 15 16 18 20 24 25 26 27 29 33 39 42 47 49
26 1 5 10 11 12 13 15 16 17 18 20 21 25 26 33 34 36 37 38 41 43 44 45 46 48 50
21 7 9 11 12 16 21 23 24 26 27 28 29 30 31 32 36 38 40 44 45 47
33 2 3 7 8 9 10 11 13 16 18 21 23 24 25 26 27 28 30 31 32 35 36 37 39 41 42 43 44 46 47 48 49 50
32 1 2 5 6 8 9 10 12 13 14 15 16 17 18 19 20 21 26 27 28 29 30 32 33 35 36 39 42 43 44 47 50
25 2 3 4 5 6 7 13 14 17 18 22 23 24 25 27 29 34 35 38 40 41 43 48 49 50
28 3 5 7 11 12 14 15 16 18 20 21 23 27 28 29 30 31 32 35 36 37 38 41 44 45 47 48 49
25 1 4 5 7 8 9 12 13 14 15 18 19 20 22 25 28 30 36 37 38 40 43 45 46 50
19 1 3 5 6 7 18 19 24 26 28 29 31 34 35 43 44 45 46 50
28 1 2 4 10 12 15 19 20 22 23 24 25 26 27 29 30 31 32 33 35 36 39 40 41 43 45 48 49
29 1 2 3 4 6 8 10 16 18 19 20 21 22 23 24 27 28 29 32 33 34 36 40 41 42 44 47 49 50
36 1 2 3 4 5 6 8 9 10 11 12 13 14 15 16 17 20 21 22 23 24 25 28 29 30 31 32 33 37 41 42 45 46 47 48 50
22 2 7 9 10 12 16 19 20 21 22 24 25 26 33 36 39 41 42 43 45 48 49
27 1 3 5 6 7 8 9 10 14 16 17 20 21 22 24 25 26 27 28 31 34 36 39 40 44 48 49
50 100000
29 1 2 3 4 9 10 11 12 13 15 16 18 20 22 23 24 26 29 30 32 33 35 36 40 41 42 46 48 50
28 2 4 10 12 13 14 15 16 17 18 19 20 23 27 31 32 33 34 38 39 42 43 45 46 47 48 49 50
29 2 3 5 8 9 12 13 14 21 23 25 26 28 30 32 33 34 35 37 38 39 40 42 44 45 46 47 48 50
24 2 9 12 14 16 20 22 23 26 27 28 30 31 34 36 37 38 39 41 43 45 46 49 50
29 2 5 6 7 8 9 10 11 12 13 14 16 19 23 28 31 33 34 36 37 38 39 41 43 44 45 47 48 50
30 1 4 5 6 7 8 9 10 11 15 16 18 19 20 21 22 25 26 29 31 33 34 35 38 39 40 42 45 47 50
31 1 2 4 6 7 8 9 10 11 12 14 15 17 18 20 22 23 26 27 30 31 34 36 39 40 42 43 44 45 47 49
33 4 6 7 8 11 12 13 14 15 16 17 20 22 23 24 25 27 28 29 33 34 35 36 37 38 39 40 43 45 46 47 48 50
33 2 4 5 6 7 8 9 10 11 12 14 17 18 19 21 22 24 27 29 30 31 32 36 37 38 40 41 42 43 45 47 48 50
27 1 2 3 4 5 10 11 13 14 16 18 21 24 26 27 31 32 33 34 35 36 41 42 44 47 48 49
25 3 4 5 7 11 12 13 15 16 17 18 20 21 22 24 28 29 33 34 35 37 38 44 48 49
28 1 2 4 5 7 8 11 13 14 21 23 26 30 33 34 35 36 37 38 39 40 41 43 44 46 47 48 49
30 1 4 6 7 8 9 11 13 15 17 18 20 21 22 23 24 25 27 29 31 32 33 34 36 38 39 42 45 48 50
29 1 2 3 4 6 8 10 11 13 15 16 17 19 21 22 24 25 26 28 31 33 35 37 38 39 46 47 48 50
26 1 8 9 12 13 14 16 17 18 21 23 24 26 28 29 30 31 33 34 37 40 41 42 43 48 50
29 1 4 6 7 9 10 11 13 14 16 17 19 23 25 29 31 32 33 34 35 36 38 41 42 43 46 47 49 50
22 1 4 6 7 10 11 14 15 16 18 21 25 30 31 32 33 35 37 38 41 47 49
21 2 5 11 15 20 22 23 24 27 29 30 34 35 38 39 40 42 44 45 46 47
29 1 2 3 5 6 11 12 13 15 17 21 22 23 24 25 28 31 34 35 36 38 39 40 42 43 45 46 49 50
31 2 4 6 7 8 10 11 13 14 16 17 18 19 21 22 23 24 25 26 31 32 33 34 36 38 39 41 42 44 46 48
29 3 4 5 8 10 13 15 16 20 21 22 24 25 26 27 28 30 32 33 35 36 37 39 41 42 44 47 48 50
28 1 4 5 6 9 10 11 12 13 14 15 18 20 22 23 25 26 30 32 37 38 39 40 41 43 46 47 50
28 4 6 7 8 9 11 14 15 18 19 21 22 24 26 27 29 30 31 34 36 37 39 40 42 44 45 46 49
19 2 5 7 8 10 16 23 25 26 27 28 30 32 33 37 40 44 46 48
23 1 7 9 12 13 17 18 20 21 22 24 25 26 30 31 34 35 36 39 40 41 44 45
23 1 4 5 8 9 11 15 16 18 24 26 29 32 33 34 36 37 38 39 41 43 47 50
19 8 9 10 11 15 17 18 19 20 21 22 23 29 31 34 38 44 45 48
19 1 4 5 6 7 9 10 11 23 27 28 33 34 35 39 42 44 46 47
23 4 5 7 9 13 14 20 21 23 24 25 26 28 29 32 34 36 37 39 40 43 44 45
20 2 3 6 7 8 10 11 14 17 25 26 32 34 35 36 38 41 43 46 48
20 4 7 8 9 13 14 15 16 19 22 24 25 26 28 29 30 33 40 46 49
27 3 4 7 11 13 14 17 20 22 23 25 26 27 28 29 30 35 38 39 40 42 43 44 45 46 47 50
22 1 3 6 7 8 11 14 18 19 20 21 22 28 29 30 31 33 35 41 43 47 48
16 3 9 10 14 17 20 21 32 35 39 40 41 42 45 46 49
29 4 5 6 7 8 9 10 12 13 15 16 17 18 20 23 25 29 30 32 33 34 35 36 38 39 43 45 48 50
24 3 4 5 6 9 11 12 20 21 22 24 28 29 30 31 33 34 35 39 40 42 43 45 46
27 1 4 6 10 15 16 18 19 21 25 29 30 34 35 36 37 39 40 41 42 43 44 46 47 48 49 50
26 1 2 4 5 6 7 13 14 15 18 19 21 22 23 27 28 30 32 34 36 38 39 40 41 44 50
21 1 4 6 8 11 14 15 18 21 24 27 28 29 31 33 35 36 37 38 39 48
25 1 3 4 5 7 9 10 12 14 17 18 19 20 22 24 26 28 33 36 37 40 43 47 49 50
25 2 3 9 10 11 14 15 18 19 21 23 25 27 32 34 35 36 37 38 41 42 44 46 47 49
23 2 3 4 5 6 9 14 15 17 18 24 29 32 34 35 39 41 42 43 45 46 47 50
24 1 2 5 8 9 10 12 13 14 16 17 19 23 24 25 26 32 36 42 43 44 45 49 50
28 5 6 7 9 11 12 13 14 15 17 18 19 20 23 26 28 30 31 35 37 40 42 43 44 45 46 48 50
24 2 3 4 9 10 12 13 15 17 19 21 22 25 26 29 34 37 38 39 43 45 46 47 50
26 1 2 3 5 8 11 12 13 23 25 26 27 28 30 31 33 35 36 37 39 40 41 44 47 48 49
27 1 5 7 8 11 12 13 15 16 17 18 19 21 23 24 25 27 29 31 33 35 38 40 41 44 48 50
27 3 4 5 6 8 12 17 19 21 22 26 27 28 31 32 33 36 37 40 41 42 44 45 47 48 49 50
21 4 6 10 13 14 16 17 18 20 24 26 27 33 34 36 40 42 43 45 49 50
33 1 2 3 4 7 8 9 10 11 13 14 16 17 20 22 24 25 26 27 30 31 32 33 34 35 37 39 40 42 43 46 49 50
