3
10 6
217715968 559708531
442314621 924233588
508831047 799890742
940434751 367312352
171755948 93077298
2103323 166101087
328526167 780614437
264540033 776408363
144400056 569628394
327787225 68885392
860480381 868279660
851057781 507052397
578525590 510674646
468301375 297812808
590269587 394350853
954059384 662455580
7 9
312909000 248890356
468719059 948036565
893630215 253343750
419444836 640475006
273605794 895733537
524658252 747971003
170115748 538145826
459547570 521574659
242370670 350419324
857471721 172544302
683218947 93428450
391241258 288513662
682864515 4036673
666492252 834027196
494529102 489440250
590846957 958214122
1 8
913298203 59566015
700041020 652397252
400647141 185259390
933230392 973646814
364308991 777821744
299396402 955862492
306281815 676372912
848917213 541767071
487711873 16269887
