211579323 420202546
69110 74045
15594 15709
16934 17041
1232 1236
13652627 331475976
0 47823
42159 45401
12054 18080
28131 37507
48679 49563
1279 1285
52967 56749
20316 20747
14959 15112
54084 57946
57692 57726
25059 25095
12944 13704
231981366 416695584
0 46762
0 10213
18453 18965
14774 16620
16811 17511
2034 2035
152887333 961741938
25714 25737
2783 2853
9972 10085
1478 1483
181840110 234557703
3214 6426
17077 34153
65093 65286
0 86886
253770045 497644551
689328025 917884674
0 47841
8023 8751
0 24556
0 5242
7964810 476988474
197031801 441789336
405679825 831275901
0 68556
0 92411
22271 33405
42799 42850
20640 20747
26404351 161778740
628978821 786156344
10319 12381
668174414 769828046
28635 28652
68136 69555
19236 28853
1648 1744
5611 5668
0 54213
26482 26743
1637 1639
0 48224
356731837 705585563
27546 27567
0 67778
151975346 614340506
73174 78801
19549 19610
49455 50264
19625 39248
5576 6133
0 35386
119091098 314949961
482148998 746184211
219381186 292508246
29036 29573
26849 26892
21541335 31540123
16893 22523
20185 20521
385 512
68841 69193
198305652 636823120
374110777 617217539
5284 5295
25059 25077
8843204 209441202
52814 55014
722938739 779753523
41591003 125917978
18831 20007
428431710 969667127
15525 15668
63782 64114
18355175 244536896
11611 11626
2903 2904
21832 22584
504901316 559256604
0 0
496277 1000000000
2015 2015
999023439 1000000000
988806154 989296875
