55
9 563585315
193304240 808740502 585009309 479873044 350291452 895962402 822840053 746604816 174108097
50 710501420
513534959 303994873 14984589 91402936 364452041 147312846 165898618 988525041 445692313 119083224 4669332 8911405 377880185 531662954 571184424 601763970 607165747 166234322 663045137 450788904 352122563 57039095 607684561 783318583 802606281 519882809 301950133 875972778 726676230 955900754 925717948 539353618 142338329 462080752 235328227 862239449 209601124 779656362 843653676 996795557 999694815 611499375 392437514 266212959 297280801 840144048 23743401 375865963 92623677 677205726
45 8789331
918790247 275887326 272896512 587908567 691183203 837611012 726493119 484939116 205359051 743736076 468459121 457960754 949156164 744438002 108279672 599047823 385235146 735007783 608966339 572405164 361339153 151554919 225104526 425153356 802880948 517105625 989989929 751548815 345561083 168980987 657307658 491897336 63539537 699758904 504806666 147495957 949583423 141575366 905117955 692892240 303048800 426557207 70375683 966612751 683187354
37 877254555
821680350 582049013 191351055 177892392 817194129 475264749 155552843 503921629 732016969 405590991 279580066 568742943 682241280 755851925 721915342 475295267 123020112 367809077 834681235 35096286 517014070 662984100 426221504 104678488 949339275 921384320 549546801 345988342 471724601 374980926 846980194 316873684 456099125 271889401 982970672 297799616 739188819
5 195989868
761314738 839442122 397656179 500900297 890163885
9 994628743
572588275 50508134 531327250 194067202 843043306 626758630 657612843 197851497 842158269
47 109927672
743125706 314065982 941068759 286080508 336313975 140263070 733085117 834620198 707998902 600238045 747215187 252723777 144474624 1617482 61006501 806237984 852626118 210577716 115604114 553209022 14252144 113773004 454512162 752220222 686147649 543443099 73885312 436719871 201940978 696218757 290353100 436689353 232428969 577867977 532578509 628681296 160191657 504135259 963042086 695760980 924802393 189947203 335947753 178350170 995178076 457441939 998016297
38 625171667
94393750 437726982 931516465 48432875 894619587 290017396 227301859 769066439 410718101 201971496 628070926 604144414 451612904 466353344 597827083 634723961 854792932 828791162 624774926 720908231 565752129 375133519 184270761 737907041 555131688 905087436 242866299 188940093 604724266 698507645 584612568 351298563 494460891 80385754 740745263 612048708 620380261 691122166
47 149113438
576036867 867732780 911557360 614703818 727683340 43214210 667775506 976531267 315012055 569200721 305825984 173924986 108554339 869045076 851222267 744315928 154881436 326914274 79348125 76601459 640980255 820001832 545091098 448255868 408978546 298745690 465559863 501205482 152653585 323038423 737998597 313882870 826685385 959074679 873348186 725028230 300057986 943998536 127231667 65736870 784966583 524582660 609637746 956114384 72267831 875637074 653859066
18 104800562
505050814 227088230 290292063 919980469 551164282 662800989 114535967 492538225 379131444 496810816 793359173 509262368 382366406 688161871 532151250 606280710 395184180 5890073
28 100619526
623065890 863246560 491500596 747337261 496902372 380108036 785363323 552812281 357097080 955717643 630848110 176580096 374248482 131626332 743278299 951719719 611987671 27832881 329844051 55909910 639210181 131626332 847071750 864314707 596881009 721640676 853968933 14679404
4 707907346
617145299 217566455 65950499 168919950
19 340983307
319406721 367564929 661000397 802392652 806878873 526535844 611102634 798181097 900601215 144810328 630176703 402417066 253700370 136539812 855189673 66164129 427808466 573351238 302285837
44 225562304
311349834 110629597 808038576 134708701 284249398 788109989 895229957 789635915 743797113 615222633 361125523 856654561 228492081 863582263 229438155 249549852 542405469 984832301 53804133 81423384 524674215 426801356 94668417 258796961 891537218 232764672 146549883 125095371 931638539 80111088 47090061 58717613 336405530 914700767 398602253 432782983 946165350 837183752 534226509 842097232 693533128 397686697 259163183 4333629
21 954802088
398693808 241096225 585558642 255134740 684011353 945280313 435499131 890224922 7171850 940977203 601550341 786156805 576677756 142429884 222327342 383007294 4272592 417920469 82247384 659932249 855098118
33 811059908
662068545 691488388 802697837 530137029 685628834 142765588 689504685 727896970 777733696 31067843 868678854 644520402 706564532 85451827 551988281 947904905 58778650 274971771 145176550 981780450 619983521 292245247 922482986 367534410 694540239 218634602 155919065 240546892 521439253 902279733 106418043 902645955 441724907
38 782097843
171788690 974394971 775872067 870387891 210638753 456617939 3753777 750633260 114047670 404705955 311136205 992614521 38575396 252082889 189275796 247688223 153508103 620319224 885372479 939085056 195654165 779656362 645558031 656758324 909146398 455458236 921292765 664174322 150761437 636341442 569536424 422040468 943021943 540574359 578569903 536454360 255287332 396954253
34 36622212
795251320 196508683 70284128 389416181 590746788 70925017 197668386 155888547 644337291 454329051 604297007 697347942 441297648 684469131 396526994 835718864 592211677 199591052 949461349 876003296 391705070 987456893 185308390 895718254 574449904 442060610 627338481 708517716 49623097 285561694 260200812 407635732 895321513 710196235
3 896053957
393566699 397412031 903866696
18 388103886
570574054 353556933 733695487 745353557 736381116 739432967 139316996 200170904 272591327 680440688 911130101 367839595 517654958 109378338 907437361 203070163 517960143 654835658
13 687643056
90426344 79561755 75777460 27802363 355082858 307229835 697286905 142674032 394848476 67842647 675740837 724936675 198706016
24 615710929
654896695 543992432 98300120 545365765 49623097 974578082 464033937 969969787 727866452 530961028 679921873 692800684 372112187 388622700 49958801 809778131 169560839 60823390 310556353 784478287 212469863 321909238 484664449 9155553
28 507858517
605945006 758537554 401074252 349803156 842646566 942320018 623310038 997283853 53468429 562852871 863551745 386761071 306405836 284218879 26703696 612567523 391186255 18616291 31037325 455702384 857936339 936765649 401898252 727286600 611590930 808374280 875423445 582598346
30 79012422
793176062 462202827 590624714 589434493 569200721 816064944 672750023 343577380 10223701 267311625 341563159 232093265 771019624 371745964 869869076 116855373 725577563 628925444 893948180 183019502 535569323 902005067 780083621 965208900 197363201 901547289 797418135 953398237 848811305 890346996
14 185460983
616931670 264992218 250648519 732200080 788109989 170934172 713888974 480941191 81484421 806543169 855342266 124637593 307473983 573320720
10 762047182
191869870 727774896 995025483 15350811 647633290 691640981 174138616 72115238 274971771 676625874
7 556657613
371227150 779503770 232520524 638233589 231666006 204596088 971037935
30 22888883
769219032 151829585 46967987 9247109 348582416 643879513 343241677 414563433 416516618 90670492 545182654 699270608 337992493 657521287 876247445 535477768 570024720 53987244 465773492 259987183 426801356 863338115 486587116 87435530 565813166 709402753 778466140 864223152 850550860 293008210
44 644917143
746848964 828638570 765617848 871913816 908322398 912533952 521958068 440168463 107638783 354014710 823053683 427716911 169835506 854519 657460250 773552660 63722648 89815974 385662405 683889279 807611317 154087955 142857143 48463394 346140935 18555254 978423414 647633290 53651540 914151433 637470626 431714836 21057772 242591632 391949218 654011659 781884213 22827846 826044496 138431959 634266183 550401319 983489487 463423567
20 300698874
782158880 342539751 480605488 608020265 102511674 984435561 755821406 150883511 456404310 711630604 998748742 775505845 641651662 621204261 946104313 688161871 289803766 567155981 290383618 548234505
49 246436965
546678061 492629780 952055422 669820246 765160070 623371075 445753350 798760949 745536668 988921782 204626607 629474777 909817805 591296122 918393506 505539110 489394818 449720756 889339885 940397351 182927946 251960815 203009126 730491043 941129796 625080112 41352581 641346477 34516435 556352428 544480728 446333202 61372723 996032594 127750481 600909452 50355541 172795801 660237435 332438124 315958129 653584399 410534990 427503281 221625416 678518022 166447951 497543260 507644887
5 435071872
4516740 339487900 375896482 128574481 827326274
46 891140477
643330180 650593586 514481033 733970153 737174597 957090976 465834529 363261819 112186041 904660177 821222572 454786829 108676413 869441817 761375775 39124730 416669210 936124760 67751092 164860989 211279642 116916410 591113011 118350780 618274484 580095829 690298166 731559191 915646840 669728691 298501542 808862576 378185370 997497483 772515031 204412977 170567950 388256478 181218910 580980865 195623646 960142827 190252389 381725517 303994873 120822780
33 46235542
771172216 761040071 881038851 1770074 448622090 426374096 801538133 461348308 494857632 749382001 238502152 559404279 92745751 922025209 893826106 857020784 59633168 490890225 632038332 747215187 756065554 255745110 909909361 791985840 199621571 552842800 51240578 522171698 790368359 704153570 24048586 731742302 553361614
20 875545519
796929838 305429243 394940032 481887265 52583392 651966918 854519 768578143 756187628 219733269 154759362 57527391 670613728 32685324 345866268 697866757 798150579 436262093 981719413 635547960
48 476973785
874355297 79287088 100985748 143223365 143009736 917996766 308725242 373821223 813837093 46632283 814203315 239997559 897885068 256508073 269356365 208014161 229377118 846156194 874843593 887691886 844782861 609271524 40894803 173528245 183751946 355906858 449262978 185064242 894466995 623035371 546342357 911679434 522598957 730643636 999328593 969328898 867427595 840205085 146671957 374401075 284371472 170964691 973754082 741813410 716605122 30884732 645039217 812707908
38 818170721
124637593 718894010 375072482 649830623 915433211 889675589 32166509 773491623 448866238 7568591 228614155 418469802 156590473 919034395 501693778 242866299 754478592 906521806 213476974 32105472 771172216 228247933 556596576 806390576 852015748 331614124 538926359 991790521 869350261 646870327 227729118 812799463 371044039 366893521 34974212 561296427 397869809 119785150
21 899014253
201483200 940183722 125064852 849330119 893948180 445570239 222113712 634754479 560075686 624042482 423657949 16479996 864131596 139622181 267403181 291970581 681661428 561449019 958830531 607226784 788232063
25 818384351
739463485 135776849 516525773 20081180 6988739 748313853 333872494 902127141 462263864 767906736 50508134 630970184 24170660 682424391 969084750 500442519 706381421 265938292 822351757 646626179 597216712 263618885 844233528 460066531 748161260
48 14496293
476546526 626483963 403881955 383617665 27619252 288827174 596850490 883877072 432172613 931546984 382976776 533127843 10071109 974242379 865199744 437421797 699636830 332956939 602343822 498550371 559617909 39002656 378215888 233039339 937345501 859523301 964110233 608813746 583971679 76448867 407025361 305307169 498580890 80050051 874782556 304269540 781517991 932889798 588427382 216223640 279305399 560716575 874416334 250068667 301400800 727134007 866603596 231086154
16 446790979
890346996 574327830 28778955 995239113 59236427 619190039 256935332 169835506 116122929 231482895 494888150 959807124 49287393 79622792 337656789 279732658
31 490554522
412274545 924710838 601062045 292153692 475753045 401654104 951322978 548356579 834925383 794427321 801660207 592852566 870082706 318063906 939176611 267921995 943327128 718771936 127628407 774895475 472884305 175908689 26673178 41627247 454786829 862300486 136112553 14465774 212775049 818536943 797204505
12 658497879
298745690 781426436 921506394 842127751 242622151 498764001 23010957 75716423 30884732 356212043 715323344 409802546
29 297921690
182103947 744895780 134739220 58229317 525620289 358867153 806726280 158818324 899868771 131809443 29236733 181432539 818079166 249214149 570696128 346903898 539933470 664906766 870754113 932523576 945280313 105197303 153233437 557969909 800256356 895138402 72511979 872310557 822412794
47 548783838
671956542 450941497 281380658 949461349 982146672 728049563 594805750 272377698 131962035 197943053 600512711 487350078 355327006 229926451 478438674 691793573 948149053 671132542 982573932 237525560 513565478 235816523 898037660 484359264 326456496 537491989 570787683 336527604 348155157 169225136 290169989 219275491 922818690 739677115 807000947 650440993 686696982 270088809 766869107 64424574 721762750 859065524 341563159 44373913 484298227 20783105 838190863
32 540574359
604052859 568681906 777367474 640034181 696737572 759941405 868007447 157994324 423505356 786461990 21423994 438367871 42146062 506302073 269264810 68269906 244850002 982055117 506454665 615527818 71016572 367503892 955534532 860072635 337473678 241889707 289529100 50965911 992706077 172460098 68910795 220130009
4 786858730
649616993 83681753 262764367 136478775
36 562578204
178258614 632282480 106906339 453718681 758842739 333811457 57405317 282509843 694296091 873256631 567583240 868495743 81209754 795403913 999664297 634998627 618854336 594775232 593127232 194250313 978881192 231513413 42298655 239051485 255134740 406811732 794946135 272469253 900051882 379436629 727561266 206488236 52949614 604571673 353984192 361247597
10 976042971
223639638 895779291 346964935 953520311 665120396 201666311 282357250 355449080 531998658 290993988
17 99612415
106723228 709341716 843806269 671864987 819147313 5767999 491348003 604632710 935331279 290627766 605822932 746910001 873836482 912228767 830103458 605914488 304879910
1 1
100
1 2
100
5 50
121 123 213 132 321
10 50
12 1213 1212 1313231 12312413 12312 4123 1231 3 131
2 3
12345 34512
