8
200 200 74 134
117 82
107 37
134 41
74 45
56 45
142 124
114 74
191 152
158 41
81 11
4 193
134 3
8 13
151 160
70 24
45 186
58 104
174 143
96 48
187 151
44 81
26 110
106 17
13 64
57 93
74 12
85 159
167 44
171 117
156 193
93 200
178 102
103 104
44 198
151 183
100 146
63 126
55 168
94 67
183 102
159 56
114 196
166 80
39 137
148 194
81 40
146 58
141 200
113 137
198 15
119 49
161 181
126 15
100 19
82 83
121 192
90 186
139 56
65 130
144 164
75 24
4 20
33 96
20 146
32 169
112 150
169 72
82 95
87 134
113 120
168 185
63 57
122 2
64 186
83 7
102 157
182 105
129 167
152 100
64 136
68 175
37 36
47 71
130 85
4 195
156 171
131 18
179 53
171 43
190 53
1 91
162 135
147 90
101 51
189 164
186 8
138 22
195 184
92 77
20 47
23 175
169 153
145 148
157 115
142 147
120 142
189 33
28 136
122 128
186 62
91 171
21 181
144 167
116 188
43 136
34 65
62 3
170 6
102 126
73 43
24 192
136 13
24 164
100 97
43 85
110 134
7 82
114 102
48 181
89 91
116 75
107 178
29 76
135 130
154 7
124 177
150 59
141 125
174 40
21 17
76 82
150 34
163 15
136 11
147 176
53 63
50 159
192 78
187 78
159 140
85 82
68 186
141 9
111 66
48 83
82 76
117 183
109 79
149 44
41 96
20 45
110 21
4 101
51 142
178 9
33 14
91 100
152 183
60 62
200 60
96 82
135 12
64 43
91 13
39 83
60 10
128 169
182 83
69 32
24 198
41 8
164 83
59 115
17 119
128 16
130 23
49 64
35 113
58 77
77 48
159 136
9 38
104 191
120 124
22 95
73 14
102 188
48 113
102 16
31 29
184 112
4 32
127 38
96 184
114 124
184 24
59 192
62 114
200 200 182 181
189 156
28 14
169 81
1 169
193 103
184 175
83 167
86 86
151 12
75 46
148 188
170 131
12 180
74 25
46 56
5 34
11 32
47 131
113 48
99 57
102 35
32 136
1 117
174 103
129 48
149 28
188 70
110 151
49 183
175 94
190 131
80 152
115 126
83 179
125 133
35 178
167 66
66 120
135 191
22 15
190 122
42 177
191 151
79 40
85 5
85 75
88 164
26 2
42 60
132 118
193 166
96 111
184 113
182 118
103 4
132 92
125 125
21 68
75 99
107 159
56 191
185 143
107 11
96 148
22 27
65 166
144 112
77 127
24 58
196 78
13 79
170 90
3 190
157 29
40 15
140 47
5 124
189 63
86 84
10 108
62 27
73 6
90 101
84 114
159 80
143 123
158 112
12 113
53 120
141 45
134 80
91 91
4 32
153 41
115 115
148 177
141 173
134 30
73 17
95 183
96 190
106 6
101 69
118 106
189 58
102 122
90 192
164 93
23 117
133 90
31 33
18 123
5 151
104 29
167 199
12 63
140 69
20 40
89 137
97 77
146 198
151 35
142 114
79 164
182 164
5 12
196 22
86 152
172 190
180 139
140 143
153 79
11 172
70 100
60 167
128 5
116 30
192 57
144 70
173 77
33 177
41 180
199 126
83 170
67 15
60 6
157 164
36 120
87 106
171 146
24 50
103 91
80 46
148 175
115 72
51 100
48 91
31 198
169 66
120 35
80 131
193 188
95 28
107 181
133 29
79 108
79 133
199 158
178 98
132 44
169 134
95 168
177 126
166 145
191 37
179 22
167 171
9 61
199 116
194 83
144 24
143 174
108 141
131 85
190 14
80 158
100 175
77 76
52 194
20 194
30 150
15 149
73 23
161 23
90 106
105 186
129 199
159 36
91 42
72 80
55 104
189 154
30 66
29 81
11 200
74 193
150 40
141 174
62 101
196 104
7 52
89 87
51 47
75 141
40 98
21 95
1 161
200 30
178 181
62 189
132 87
181 33
126 121
6 140
173 1
43 131
53 131
18 103
129 92
195 169
141 167
15 142
128 166
123 105
98 185
93 30
71 25
62 149
145 20
88 70
20 130
200 24
12 169
126 140
12 73
60 153
39 26
94 166
192 168
71 89
152 115
70 175
140 84
123 36
103 10
105 74
139 57
98 102
25 175
41 37
47 53
141 86
78 186
51 21
153 73
62 105
188 131
31 127
166 153
114 68
114 19
94 4
75 191
105 51
165 145
39 164
149 179
49 27
164 51
47 117
76 108
173 63
191 155
141 156
107 54
176 20
24 69
23 50
11 127
101 127
23 91
90 172
70 90
150 185
93 196
53 168
56 177
30 46
131 122
1 189
127 176
8 151
196 182
200 6
60 52
133 35
143 22
158 164
64 107
148 156
54 1
123 109
129 104
154 60
177 107
48 103
34 8
53 30
189 53
187 1
104 119
35 46
93 192
161 108
98 109
63 103
61 137
12 189
40 117
200 16
23 48
118 57
55 171
38 195
175 176
195 30
95 181
28 139
124 188
46 173
96 60
76 108
196 87
49 187
3 48
154 178
95 71
186 101
193 23
48 119
150 194
149 44
175 176
134 98
115 131
23 163
142 98
70 89
136 70
75 138
118 28
67 164
51 52
200 200 65 195
26 112
114 176
57 14
171 31
141 57
81 55
187 55
17 81
152 39
169 87
108 44
176 25
23 43
189 73
94 5
68 120
68 133
47 124
98 17
107 38
73 139
92 12
193 61
92 96
51 60
182 158
55 157
135 78
151 75
102 45
31 121
116 98
5 114
173 102
130 31
139 155
169 183
166 113
195 9
8 45
20 189
154 27
98 88
56 200
162 157
196 192
78 111
41 82
176 166
136 106
196 26
12 165
8 177
77 154
137 37
198 108
177 152
134 26
191 189
26 105
146 21
48 175
84 89
8 59
54 143
116 1
169 127
165 128
103 194
82 191
30 31
99 6
134 32
32 125
173 9
29 118
29 76
44 112
116 3
123 121
98 38
122 66
165 38
145 19
31 178
10 12
9 60
170 142
91 153
66 63
161 46
132 141
74 127
53 189
130 175
62 27
164 183
44 128
172 140
147 155
118 108
166 126
167 87
19 9
191 37
24 151
82 107
92 107
34 96
96 163
22 109
141 185
43 184
113 14
123 11
168 40
118 86
117 84
172 88
44 163
124 67
65 157
174 108
64 7
3 111
121 24
19 61
161 61
196 73
74 70
83 194
62 152
79 178
187 2
17 30
116 92
97 181
49 22
88 64
180 43
126 100
18 144
112 178
156 59
2 181
128 36
174 189
187 4
119 173
6 135
3 121
27 51
53 27
72 93
42 3
135 167
102 152
62 165
82 17
23 83
197 102
119 171
91 105
126 9
30 131
95 184
4 73
186 8
51 9
100 92
11 186
58 64
90 119
28 171
87 2
53 84
103 123
6 193
180 131
153 9
14 200
144 17
72 129
24 123
137 76
166 147
61 176
10 150
46 189
120 133
142 125
16 44
199 173
189 178
103 93
138 68
92 81
84 164
161 60
38 97
135 3
195 195
178 156
97 24
96 168
108 37
44 123
33 43
47 173
172 101
65 62
169 157
94 4
72 55
63 61
103 149
63 50
96 193
5 192
168 53
159 75
89 155
149 73
197 195
45 120
47 110
181 15
18 75
19 41
129 33
101 183
134 115
32 29
59 189
20 26
41 130
100 81
84 200
106 32
194 150
104 193
11 84
7 180
110 177
20 38
162 72
173 95
139 4
123 197
144 94
23 136
23 74
169 59
74 74
42 19
23 145
11 186
181 170
165 90
146 137
200 200 80 59
8 52
153 146
7 75
95 103
168 117
38 143
142 6
153 167
79 146
138 54
43 100
39 23
69 155
112 167
91 143
25 51
194 178
148 153
4 42
55 124
110 92
18 4
50 170
170 80
67 107
133 109
7 123
83 27
78 195
145 120
137 170
170 83
99 70
187 102
111 41
177 173
84 194
176 133
115 97
165 182
4 97
42 162
172 125
140 49
71 85
168 159
6 90
193 104
159 179
157 21
19 86
193 55
79 120
139 146
17 103
79 172
152 120
133 123
196 24
171 66
60 90
177 65
131 169
120 89
148 29
62 118
114 54
172 192
174 63
137 190
165 15
161 116
87 45
38 82
20 160
100 80
2 76
144 132
196 64
173 95
92 34
13 157
39 136
148 164
198 37
105 115
3 17
30 89
13 20
123 33
179 22
112 132
49 7
64 44
22 188
139 65
173 103
21 163
38 169
127 188
157 183
102 159
200 83
200 12
102 74
44 33
47 107
164 95
114 179
90 87
166 180
152 90
34 172
53 72
92 131
11 48
113 112
159 112
194 158
76 48
183 71
80 29
178 43
123 43
22 164
129 139
96 80
29 129
4 33
152 95
163 162
143 75
25 101
139 171
10 14
18 192
84 97
20 13
139 94
200 200 7 112
9 136
3 104
167 183
33 170
15 184
65 129
146 159
155 122
59 93
92 20
58 109
163 94
157 134
106 48
179 113
159 187
200 113
91 118
95 123
40 109
58 104
189 155
14 144
77 24
36 168
43 94
29 157
187 185
90 44
32 68
108 143
54 107
55 96
177 150
170 16
10 28
71 199
182 84
142 58
107 129
178 149
174 6
57 112
142 146
156 174
13 15
68 18
122 122
114 50
23 83
65 185
62 135
135 44
18 28
53 124
156 182
24 82
139 80
193 81
177 100
6 189
115 73
158 188
146 71
37 121
106 101
57 167
187 191
162 4
170 15
79 125
148 102
158 87
133 103
167 109
2 172
49 68
196 6
55 93
29 43
13 86
143 21
52 129
11 166
84 180
132 162
57 79
15 166
165 99
68 131
159 70
54 7
137 1
165 144
46 145
186 58
30 81
31 33
161 41
150 197
173 81
158 181
160 125
146 76
175 14
159 134
35 164
92 123
165 8
18 10
104 4
19 85
36 49
118 196
42 19
192 166
100 102
146 11
178 43
200 200 86 152
8 44
37 42
8 81
117 124
88 134
133 192
137 103
76 172
104 145
120 97
164 63
62 15
164 159
25 93
1 110
45 9
106 33
2 113
113 118
188 153
52 72
96 140
174 123
64 29
20 135
125 183
197 186
149 161
96 173
5 97
34 49
57 139
34 10
3 98
128 190
50 131
13 145
22 187
20 85
167 39
19 92
173 168
29 121
80 77
93 84
125 78
85 181
169 118
190 171
15 69
113 17
151 125
161 173
63 180
9 182
170 28
73 142
195 53
62 26
129 106
109 53
184 193
185 152
110 127
74 77
147 138
93 98
15 5
70 29
137 78
10 106
57 82
48 3
87 109
28 15
15 89
20 150
81 4
101 143
82 126
19 29
64 111
126 78
67 147
106 3
176 116
109 185
149 108
187 187
16 167
154 182
55 173
131 87
128 183
29 10
61 199
190 76
109 115
153 128
13 10
130 188
77 190
172 178
97 111
164 65
29 69
46 35
193 129
121 121
63 102
82 75
100 71
150 161
137 54
88 149
64 17
88 92
7 60
21 55
122 137
119 150
5 117
184 198
197 56
70 11
157 151
86 57
173 35
17 61
89 104
9 104
72 96
147 30
107 168
85 28
104 155
129 60
23 64
57 19
120 126
182 76
28 67
84 152
53 52
12 141
155 172
196 179
20 143
8 78
110 44
58 165
151 186
24 173
50 33
144 121
110 125
148 90
191 32
193 43
83 5
136 190
128 131
120 99
25 79
177 134
123 34
50 25
171 26
197 172
58 140
92 119
64 40
8 6
23 1
1 105
157 136
46 84
18 165
135 43
44 63
128 118
96 130
142 18
155 90
190 164
182 81
82 45
72 90
3 94
42 3
151 198
90 148
33 59
65 119
53 108
181 133
177 28
62 70
46 168
159 187
131 140
67 12
137 91
53 91
136 94
45 86
43 134
34 76
144 50
146 197
157 127
129 85
154 142
154 199
109 64
185 39
4 4
2 92
46 55
182 181
100 26
67 143
111 52
170 54
101 115
2 9
41 82
45 147
23 198
145 83
61 82
73 16
37 75
107 82
81 88
62 180
65 80
74 175
200 200 83 195
181 135
62 182
143 54
16 187
200 38
136 97
73 149
178 145
164 166
19 71
47 99
110 60
31 127
140 104
101 22
51 33
157 112
15 51
165 30
190 165
19 77
13 43
25 190
188 189
155 6
11 153
57 72
12 39
198 103
94 51
77 144
83 185
55 97
35 172
78 176
88 49
53 100
91 77
89 30
17 195
36 179
99 44
51 110
82 48
165 175
98 41
71 133
25 125
29 11
48 59
187 135
59 191
34 101
19 74
131 36
20 118
14 118
113 16
180 194
64 144
120 113
184 190
45 8
67 26
170 114
36 156
49 46
98 34
146 117
108 28
104 79
145 69
197 57
85 128
2 100
71 122
12 6
63 9
165 129
186 134
195 173
42 195
18 139
28 115
55 87
143 110
166 39
179 114
96 63
41 49
162 63
170 125
20 185
85 184
65 70
117 59
194 158
53 11
97 81
126 103
119 20
13 84
58 191
149 105
5 141
154 166
155 123
42 174
59 127
157 124
148 74
182 142
183 187
152 31
19 29
134 137
200 98
173 58
88 121
162 44
14 115
9 168
190 50
142 48
128 98
123 76
123 57
17 106
43 120
136 61
101 21
197 100
118 121
157 157
42 71
200 55
185 160
22 126
162 163
126 89
13 48
116 135
104 132
192 146
52 80
158 152
52 107
3 170
27 160
78 68
30 30
74 166
141 48
92 102
162 17
143 174
16 58
61 120
142 4
17 145
83 175
48 135
33 50
56 59
161 85
79 190
66 104
108 7
151 151
60 65
119 2
38 134
12 50
53 153
54 22
97 88
148 144
174 180
145 181
190 106
18 68
47 83
124 154
89 74
104 149
138 174
102 128
108 65
129 160
17 134
181 65
22 80
160 147
59 105
80 49
10 97
68 56
179 191
162 20
17 17
120 106
191 21
185 98
38 114
9 54
47 142
71 20
21 182
119 32
86 198
32 47
94 51
55 24
42 168
43 10
184 162
67 126
135 52
23 172
117 184
177 163
77 199
135 97
181 53
80 18
50 111
65 95
162 71
118 155
38 113
116 21
74 182
147 160
33 121
131 149
56 60
64 132
58 198
181 38
2 60
56 3
171 72
97 84
142 166
38 179
30 153
151 104
134 49
15 119
170 98
19 177
157 34
109 14
183 89
4 184
100 11
138 70
82 186
153 23
152 142
153 181
94 103
36 180
152 3
50 73
100 68
49 56
54 109
21 36
149 176
172 49
186 109
70 19
95 175
193 198
116 145
130 162
48 166
200 200 141 151
168 142
23 19
9 23
74 62
132 46
50 32
22 21
80 159
129 102
178 23
76 170
20 191
67 102
152 66
67 44
16 186
185 38
4 146
12 29
159 95
26 8
127 47
28 6
6 109
59 135
83 134
56 55
125 122
156 28
187 174
72 154
111 8
191 66
153 155
94 112
49 119
71 175
118 51
133 75
159 191
161 41
125 16
95 1
90 2
28 76
175 51
30 85
59 172
150 163
126 195
74 127
66 97
101 135
147 33
9 105
176 121
97 100
136 144
100 25
145 79
53 72
130 34
156 140
5 58
102 83
4 128
9 69
24 61
3 122
46 163
26 21
83 74
72 171
169 123
195 66
1 199
137 82
32 44
173 189
53 75
23 57
154 183
125 177
43 80
98 88
194 75
60 77
100 131
47 69
5 193
134 6
192 22
39 23
65 12
163 118
38 185
174 191
167 50
119 162
81 16
1 75
42 61
151 93
143 149
161 148
141 46
105 84
67 95
59 84
106 21
153 143
158 78
85 76
127 3
37 160
170 190
34 163
2 136
56 96
84 168
43 176
14 99
60 32
194 70
67 51
90 19
146 199
96 30
75 175
33 63
86 2
52 119
117 5
54 172
101 89
139 143
64 104
194 75
88 187
144 154
189 186
173 134
184 20
164 58
146 148
121 31
101 124
101 17
129 154
188 29
194 79
123 58
182 68
84 69
6 28
23 195
165 147
128 148
118 43
6 64
190 78
46 91
153 147
59 33
52 47
13 46
125 88
55 58
155 138
127 113
117 101
107 81
47 186
29 164
29 186
179 170
15 177
12 119
75 71
104 126
117 116
123 193
155 177
50 110
67 128
22 183
28 80
16 26
65 196
142 45
133 120
167 99
48 178
169 122
200 72
200 68
140 122
60 94
99 62
155 117
189 176
51 17
7 66
42 24
13 183
20 145
55 186
195 54
164 164
176 115
35 175
183 126
96 42
20 146
55 174
62 44
102 113
12 108
130 5
131 143
140 151
39 146
88 34
199 3
149 126
118 135
100 100
61 148
141 80
45 148
53 59
191 154
171 154
14 52
158 96
194 97
46 33
194 86
18 193
88 118
118 5
52 170
104 112
69 197
191 113
144 196
171 86
101 93
39 114
145 148
10 90
197 7
74 190
92 91
134 132
8 4
136 12
173 192
123 193
140 66
57 35
13 180
120 113
24 110
27 168
57 188
10 53
194 83
195 38
126 128
169 85
131 104
96 55
47 171
47 186
188 56
20 200
35 91
112 58
200 90
178 9
29 187
61 23
21 55
60 146
135 180
31 65
35 78
120 82
48 166
19 35
21 39
