

8
1000000 0 0 1000000 1000000 150000 600000 600000 400000
0 1000000 0 600000 600000 400000 600000 1000000 300000
0 1000000 0 400000 300000 150000 600000 600000 400000
400000 0 200000 1000000 0 0 400000 300000 150000
400000 300000 150000 1000000 0 0 600000 600000 400000
600000 600000 400000 1000000 1000000 150000 600000 1000000 300000
0 0 0 400000 0 200000 400000 300000 150000
0 1000000 0 0 0 0 400000 300000 150000
100000 700000 37500
900000 400000 137500

2
0 1000000 0 1000000 0 0 1000000 1000000 0
0 1000000 0 0 0 0 1000000 0 0
0 0 0
1000000 1000000 0

8
1000000 0 0 1000000 1000000 150000 600000 600000 400000
0 1000000 0 600000 600000 400000 600000 1000000 300000
0 1000000 0 400000 300000 150000 600000 600000 400000
400000 0 200000 1000000 0 0 400000 300000 150000
400000 300000 150000 1000000 0 0 600000 600000 400000
600000 600000 400000 1000000 1000000 150000 600000 1000000 300000
0 0 0 400000 0 200000 400000 300000 150000
0 1000000 0 0 0 0 400000 300000 150000
100000 700000 37500
900000 400000 137500

2
0 1000000 0 1000000 0 0 1000000 1000000 0
0 1000000 0 0 0 0 1000000 0 0
0 0 0
1000000 1000000 0

4
0 0 0 0 4 0 2 2 4
0 0 0 4 0 0 2 2 4
0 4 0 4 4 0 2 2 4
4 4 0 4 0 0 2 2 4
1 2 2
3 2 2

2
0 0 0  0 1 0  1 0 0
0 0 0 0 1 0 0 0 1
0 1 0



