4
32 76
-84 54 -33 -27 65 -71 -30 -58 -40 17 -88 65 -43 -30 -90 44 2 66 -82 67 41 -10 85 48 -31 68 -99 21 6 18 45 21 
0 21 31
1 24 60
1 28 24
1 31 81
1 30 73
1 16 91
0 4 17
1 16 97
0 23 27
0 9 18
1 1 23
1 28 -88
0 5 24
0 18 23
1 18 41
0 3 27
1 14 -49
1 7 -80
0 9 11
1 18 -22
0 1 19
0 14 15
0 18 21
0 4 23
0 4 21
1 4 6
1 13 81
1 7 58
1 19 -94
0 26 28
0 19 29
1 17 98
0 11 31
0 21 29
1 5 21
1 32 -94
1 30 -50
1 1 -16
1 24 5
1 26 -20
1 15 66
1 22 -14
1 10 -49
1 16 -77
1 25 -34
0 6 22
0 2 3
0 3 9
1 18 10
0 5 20
0 2 20
1 31 -98
1 20 68
0 7 16
0 9 14
0 12 30
1 4 70
0 3 7
0 14 24
0 24 29
0 16 26
1 7 22
0 2 15
0 9 27
1 9 39
1 29 -93
1 23 88
1 19 -18
0 17 20
1 10 -94
1 22 -80
1 3 26
1 7 -44
0 11 20
0 28 31
0 25 26
32 79
-58 57 -38 -44 -14 4 44 -97 -57 11 -92 -11 62 -72 -92 19 54 45 -19 -43 93 -38 -78 68 -68 -9 30 -69 -73 -1 -48 17 
0 20 23
0 5 31
0 28 30
0 11 13
0 27 30
0 21 26
1 10 -58
1 18 22
1 8 52
0 13 29
0 5 19
1 24 -68
1 24 41
1 16 86
1 4 -12
0 11 30
0 20 24
1 3 -24
1 28 -39
1 27 93
1 13 -23
1 18 50
1 28 11
1 3 -28
1 22 -95
1 6 -85
1 10 60
0 5 19
0 15 23
1 24 -92
0 21 22
0 5 6
0 1 5
0 3 16
0 17 24
0 2 29
1 30 22
1 12 -38
1 31 -36
1 28 -68
1 17 -81
1 1 43
1 3 31
1 15 24
0 20 21
1 20 -34
0 13 20
0 22 31
0 17 29
1 27 -52
1 12 68
0 9 18
1 29 -54
1 8 -37
1 22 40
0 28 32
0 12 30
1 6 44
1 24 -60
0 11 11
0 22 23
0 8 14
0 4 24
0 11 23
1 26 4
1 18 -95
0 25 32
1 1 -57
1 1 -40
0 29 32
0 17 21
0 3 13
1 17 43
0 16 31
1 7 84
1 26 -78
0 13 26
0 10 27
1 8 -46
60 78
46 -34 39 -2 33 16 -22 -57 -13 2 86 -78 -84 -73 -9 -18 -89 -36 36 -67 -58 8 -45 80 39 -71 61 -80 31 -98 43 25 15 29 -77 -52 -55 49 -9 32 -49 25 54 15 52 -55 96 63 57 80 -57 99 -12 -2 -73 -25 75 88 -6 54 
1 36 -21
0 47 51
0 14 42
1 43 98
0 21 48
0 24 49
1 44 37
0 6 48
0 11 54
1 24 -11
1 19 74
0 47 54
0 7 39
1 12 80
1 32 -33
1 8 -53
0 13 17
0 14 36
1 4 76
0 38 40
1 9 3
0 22 36
1 16 15
1 44 -68
0 25 40
1 46 54
0 31 51
0 23 26
0 2 22
0 35 59
1 30 -98
0 12 24
1 11 -7
0 3 57
0 7 27
1 10 -24
1 46 -54
1 22 24
1 12 -69
0 16 26
0 11 38
0 1 45
0 12 46
1 52 81
1 6 43
1 59 -86
1 22 37
1 44 -4
1 23 4
1 23 39
0 13 45
1 53 40
0 7 45
1 4 -9
0 17 56
1 49 75
1 24 -27
0 26 51
0 13 15
0 27 54
0 31 49
0 20 23
0 8 44
0 3 19
0 20 37
1 60 -87
0 21 23
1 25 93
1 34 98
1 58 85
1 48 -35
1 22 53
0 17 31
1 1 -41
1 35 -37
0 4 18
1 19 -9
0 40 55
68 24
-79 79 -30 64 -89 -64 -76 -24 41 -77 -71 43 95 -74 78 34 -15 -2 -72 48 -12 44 -1 -10 6 89 -22 -65 -45 -41 60 -24 -63 -71 -12 -52 13 60 72 -46 82 -52 96 -75 -26 -78 -93 59 68 -66 7 -45 78 -47 93 -16 -58 -29 19 45 30 -22 -31 -85 55 -95 11 -32 
0 15 55
0 7 11
1 53 -65
1 42 -97
1 43 6
1 50 -1
1 52 -82
0 63 66
0 43 66
1 50 20
1 42 -50
0 9 52
0 5 61
1 24 39
1 41 5
1 36 71
1 43 28
1 48 -71
0 10 57
1 14 -77
1 37 -42
1 55 -61
1 12 -14
1 57 59
