100000
1
2
3
4
5
6
7
8
9
10
99988
29030
40892
2775
68859
60829
14968
51169
61624
6472
33968
67467
73239
50439
78047
11701
57093
29501
78311
38694
79223
32561
60397
7719
90017
20464
28537
25286
3967
42250
5879
49269
13328
82256
60056
744
82133
83356
25458
93722
9238
65322
21563
68552
14974
24471
78866
61972
51290
68009
68023
51267
97662
44935
85774
71488
87648
76476
44160
50679
92027
12664
49209
30555
66925
13647
37259
32993
42746
62424
61066
5730
48711
61007
60718
5405
94047
77620
96788
81683
38385
58953
63261
28905
91184
17624
15149
26889
99858
77259
30605
85281
9649
34098
52938
87938
57101
66177
94676
97282
58857
91023
55872
84155
94505
11128
40870
41355
20410
88252
76675
85938
82058
48830
64313
71190
47820
30790
77066
39938
77397
29215
30016
61538
19490
37625
3881
98281
9232
71752
16307
93388
53090
60131
91124
46021
90142
83846
31461
37840
25776
14673
74401
86193
53030
89479
89771
46956
57554
60880
87365
73003
14795
58871
13658
59068
96909
25196
45078
31345
54100
40579
66152
10014
51717
48083
84487
39102
82853
98456
21929
83662
70976
44306
51245
54032
56803
74820
47283
97610
6658
11766
92703
57637
71860
54579
47386
43086
53682
11467
88753
78648
17083
46386
70036
5112
68307
44160
75383
64072
57983
63247
5429
71269
45898
68224
55720
75504
89507
80470
6322
82928
70461
68952
23575
88975
75886
26452
68001
33337
48817
5751
10714
53472
19908
92022
41078
92859
63594
19336
23303
1474
29994
55689
22278
40339
2318
99257
7281
49296
91110
70971
25351
18911
35234
61719
35693
65801
68571
4664
43053
56603
95786
98991
41298
5512
62543
91342
14158
5733
49452
46541
42260
77388
42408
42248
7390
59610
81005
37535
61799
85169
30634
36597
39378
65334
90961
41106
94018
83251
11674
90273
43808
98166
35486
91443
38200
22641
92125
39834
2396
25144
44793
45870
26208
12486
42456
9451
50268
17881
50086
61425
47789
40049
40689
16483
6867
38197
83851
3625
52565
40110
55947
22510
36121
24937
97804
6819
55469
96377
59501
84122
31617
76275
46831
73899
38281
85361
6427
74643
94880
91248
15865
87408
79296
7282
81242
93542
37419
24380
62063
33085
1702
31513
37743
11488
56792
82069
90869
5247
12431
30946
60927
61518
33051
55191
40016
34309
21617
7692
57839
39006
5258
35744
64583
11962
10242
67507
68549
56092
14905
70956
88157
2284
37269
23476
98756
3734
24254
78296
2743
92392
54080
85099
89075
85879
56236
12483
37915
16443
41048
81783
82038
78062
83611
87335
18894
91697
71090
99412
97042
87047
25213
6627
93941
95032
25922
9439
748
51184
15369
82484
41556
53789
88991
95829
7434
18228
90580
86038
75857
7629
88828
37363
75375
3746
12018
84007
39632
64852
6704
74582
32098
49254
50520
45700
16567
40608
3566
24347
36295
25838
15803
61544
29835
62334
31084
5534
57795
74118
36497
35507
49296
48027
4383
58686
65019
31707
90991
52671
25740
40612
82012
46295
84564
10970
60296
49644
38660
57285
20504
27174
16275
21392
53300
11509
15836
36332
63528
18440
94654
80107
8805
31543
69850
74150
56256
42714
58072
41111
86258
58416
52707
21055
65591
78777
77992
75169
45775
25404
95675
8806
12640
51170
40626
33559
2770
13945
13032
48678
23954
49779
86907
68165
31631
50148
16622
75276
49408
66343
80008
63960
7324
10105
61299
73543
7712
49020
90462
93693
92845
34453
4700
11746
30279
58703
63747
23330
68247
32118
71373
17676
71818
89117
54586
48435
52560
29209
32237
22384
77789
1123
28874
19549
10924
21946
95934
10907
33431
13950
78295
53166
9088
65686
10248
4444
18380
14091
43750
62641
50050
65707
46158
16222
44752
60744
24764
45525
81062
70198
81141
55631
4537
47664
64607
41574
99202
4499
21091
89756
51196
57857
95858
96370
47626
31392
36765
72401
34542
79704
24284
1733
77619
83577
78280
4444
93156
94290
84704
60588
64723
18299
56840
2474
7251
44749
27077
25620
45246
21156
97603
57384
46000
88548
90415
93515
90634
87697
12349
68611
74608
21557
74211
39708
459
87102
64860
38823
21895
30462
43431
34583
94902
16809
96613
61250
81836
2042
8990
3686
42209
40654
6300
21281
818
48487
72815
45624
40352
54251
61447
29457
3535
323
46237
52216
6184
70620
37739
54078
23192
7945
6255
35894
51951
61791
70252
2934
56706
25559
8393
20476
79530
60848
40784
52454
66178
78251
84720
24601
97068
54413
44924
66107
93389
49248
56650
69433
77068
91986
19444
6689
34680
9205
24026
3785
12575
27549
15038
25863
44183
23269
85223
42454
17593
83242
41822
74744
17761
29359
11508
46126
37615
40599
63515
82177
137
29006
1672
59645
2423
63585
1751
40433
73989
31169
34823
59216
80837
29955
31834
66547
96394
52003
12118
39797
29486
29405
12007
77269
47853
25971
2202
23928
36808
28810
85444
63428
86787
72844
63129
20262
6343
94151
87381
93677
20577
81709
80438
90572
26081
92498
94080
14268
69180
61553
74424
95320
1002
77128
90410
49407
64904
36023
25827
40918
47767
46053
27799
2723
69180
41434
4476
35987
67390
27142
4269
61077
15787
81465
75240
42524
26963
36649
44464
47361
5611
57936
52140
11967
96172
80747
96038
71221
19441
7387
73166
10824
18205
99272
51444
65502
50450
793
7537
86116
36763
54877
29727
6409
40771
14598
61020
63392
27420
31112
45675
65858
61529
83582
23251
5322
33556
52518
51550
1016
61673
42464
55067
16558
61112
49939
64476
92054
39079
46056
68537
24282
74974
73389
39115
82505
44234
59923
17682
46969
22459
37488
67504
20928
12773
93629
34987
47258
86242
79545
85007
806
76590
30949
36906
30025
66026
54183
20398
97001
54619
43239
3762
46195
456
6068
29554
35094
81919
50784
12426
41574
65072
73599
21823
70842
82416
15853
47286
60718
72791
97797
53531
12481
38178
75242
87707
50552
44243
98882
9194
13273
30956
78422
42206
20145
91768
65300
9170
9647
13218
49581
59621
50055
50267
86391
34904
26640
29944
36460
90963
64998
24466
46953
49025
30824
47781
14160
65487
75451
37809
56518
42609
97317
78588
66806
41981
85363
7470
92588
31565
53588
99539
98715
8418
53500
63805
17399
89244
70306
52959
41404
51363
70082
68883
84997
63073
81372
62965
17334
55685
29458
72742
30387
95905
7470
5994
28934
48429
75674
58890
33085
6563
76230
51154
93353
64129
38342
35156
71744
42186
54705
52772
18588
17540
18979
2842
44250
14683
67899
45012
16284
81853
24606
91089
36487
46364
91123
83542
63590
52432
90181
13644
53701
62354
26692
80288
92247
70242
34851
73794
74609
99938
29052
1575
61324
58424
54440
46600
26215
33872
65127
17025
4354
22071
79966
36914
50948
18434
6676
94304
24086
50213
28244
17525
32358
66940
14286
95516
25093
4965
96693
60071
56522
39652
78979
51497
91980
95838
61297
46140
28748
6879
11295
89404
96649
58068
98514
66985
6185
7441
1457
48777
92855
49004
70919
78212
10559
39456
86436
85351
57940
37195
4956
52577
42667
7665
20934
32969
60349
82359
98654
38070
18889
32648
37604
94309
61103
18803
63163
94295
21846
70603
1098
15312
81384
61446
11902
66969
91632
40606
54150
49311
20483
54195
37078
15314
70932
79367
98725
12775
97854
48801
27632
61014
61726
28491
58580
51197
12822
84308
5751
66555
37644
45071
2112
78997
72105
29233
81370
84117
84314
82167
32085
52198
37010
64990
24965
66745
50086
86441
68929
82915
46927
55102
56517
42589
25996
27817
30833
74115
96030
67128
58312
62293
56874
11773
30130
6489
18330
39535
64026
41047
33756
64906
62320
26299
71617
298
78824
52759
27072
4276
77049
92126
37297
81261
88192
48522
66034
15169
9018
91575
91365
23581
67341
5510
86480
25973
16128
42747
9788
83232
73630
96255
5174
91607
35799
92894
23185
85561
39615
15594
61538
39145
14126
30711
87682
5263
63710
28445
1456
80435
84208
93913
93869
73573
92039
98444
86238
19416
2090
96251
59725
98370
36711
55469
87240
39326
45419
95024
95937
58858
66667
2836
73260
24617
89502
41742
27812
41570
78657
98966
46471
17215
69233
57066
58773
66063
69844
74153
39381
78437
68177
70137
48815
41303
34259
24673
36115
61663
64075
44912
32273
20157
59179
65716
89119
59603
86859
4771
67351
8296
23207
51478
885
49862
96991
56713
21245
28316
25494
60284
72915
11068
14548
54837
81250
958
16516
67772
31414
92155
10071
18366
85537
67475
36351
8362
79770
1448
59060
48215
3257
43616
92946
86236
6076
4743
38489
17910
72678
67467
30892
22662
61018
61822
46771
80592
64868
42743
6298
67037
56465
93457
39887
3898
7186
26187
12039
74647
95805
23590
20857
51625
19788
67339
45282
38152
54492
4514
92160
58161
62894
68955
45239
30758
63466
55145
57711
70601
76695
12067
22771
69956
81828
15521
71891
75621
50563
8965
14500
26874
9577
17839
1403
67129
81135
26695
43029
78618
18579
2647
5298
86171
25112
90799
71509
8572
38081
86367
43878
78816
24570
66976
19825
66162
72720
39052
78916
14685
23604
57601
33876
25331
79036
83106
55513
74279
62498
39798
50957
27891
58019
70983
43569
52147
94497
43844
61544
60040
37281
3648
14490
30134
3630
29168
32979
77734
41524
70481
12097
95204
23174
62752
5785
24962
34712
85728
30451
25204
60837
79287
81001
82770
3435
46577
19804
15673
9866
51644
27376
49290
68009
62250
40651
18633
45425
64051
76057
54176
62512
74160
78731
80282
24439
22688
27667
42536
27196
64743
90089
42975
62105
39563
74218
12695
90795
10325
25076
34318
82676
34102
60971
89315
66329
8639
73399
78267
79557
42439
8291
15872
15300
58217
55360
63773
22569
42724
11424
76516
1737
97241
61884
3432
61565
16976
84366
7107
92548
30356
72215
60304
18974
38482
67003
44178
71954
7070
43712
86700
37577
13390
94322
46791
65105
85309
38594
39855
9083
8169
96322
9206
1565
71381
22155
29647
3345
5928
19735
84564
92084
22028
68711
7681
3112
44560
95615
50647
88179
80295
68165
52474
80157
98535
51621
34547
58774
47146
15664
76975
80910
64464
27032
73534
6394
46203
87606
62997
49942
44594
48740
25516
5373
55167
34691
81248
10067
57841
93303
8946
54716
98234
85094
20487
7778
21522
77596
28646
94291
15442
15946
29181
4096
46042
33762
17341
24992
69740
16509
61017
20074
85551
21494
66570
83039
27020
97452
18766
40542
7220
77443
3268
58445
85336
70947
22994
6519
69520
98712
24064
93096
89269
17681
39514
75571
74630
62881
6321
71533
91975
54369
48731
76239
43261
17163
55407
64760
40244
40960
15977
76873
23609
69124
59308
21031
11520
96829
81179
58812
67871
86968
97407
20406
98513
92003
27557
10566
75605
51956
57244
27683
11820
39648
27
62565
35838
9573
76121
93866
8437
17921
70579
28820
17857
67609
46538
5641
93874
81011
27299
50737
78337
10652
43653
55836
18536
58978
19934
22362
45285
38299
92286
58433
79259
10556
65338
41546
26865
43427
70730
75508
52305
97646
43788
2431
82442
61218
54495
42931
33391
94597
15304
6487
9846
8996
37713
31834
11993
24206
63397
60653
10744
61174
11861
30791
501
98197
58679
31904
52567
59781
5217
69430
43687
71208
26002
76395
68342
76383
96169
10789
56214
4980
44684
4845
98748
90416
41795
60784
5060
71589
31995
89601
92013
98022
30787
31765
83769
39081
74002
63366
43758
37804
3551
82481
52408
51437
2151
96887
82692
41489
52042
83391
97799
59550
34927
28179
52277
44961
98044
42367
33290
84713
39710
15381
23524
55337
73191
21004
2503
24186
90859
78364
34968
25911
76930
41635
1186
80287
20810
33540
87221
48503
67874
45922
17058
293
69103
78985
1120
82742
43258
38150
31914
5657
78704
18506
36062
35969
95714
3627
15743
97383
28611
41090
40596
61446
54924
26638
50791
19709
26843
1456
5480
43921
34895
21741
40391
65544
59406
97872
10749
24879
44991
64165
38180
40021
70257
99550
45946
55470
56946
72050
37058
82417
92216
35801
4226
27289
32380
71762
7527
86248
43354
68573
6492
45119
62707
30497
26711
6344
47083
88967
17453
65133
65451
41852
43800
7870
90175
28275
42136
64110
79065
13281
69007
57622
17453
84864
65731
59089
82387
18381
90400
41854
89800
59050
22868
64130
93357
88188
87761
44611
35270
16654
55630
82798
86908
69196
78662
22162
58044
63432
66424
95555
87894
28793
81638
79512
42047
14359
34166
41421
39855
24481
5716
86657
22052
98999
65453
43737
21789
54592
29877
47803
7039
10469
87042
64276
6036
2100
92719
93907
9543
51070
75003
1772
38377
81881
68455
51830
59952
12191
23995
17293
27058
22381
81473
99024
84974
36293
57801
5028
86659
45708
57444
45200
65527
27437
86153
56095
55922
71316
64978
37761
98720
82707
91551
38441
90803
21441
86547
72912
76126
62614
20562
20401
55195
20945
73162
13548
85318
82386
68935
63684
68192
88544
69500
5888
2861
53636
49185
17549
7830
14636
70800
21210
66920
38857
30438
33819
23827
63346
51432
46503
84524
55230
63740
79098
55531
34381
17836
99539
717
26976
15111
93303
88691
82685
26911
15693
96705
22316
57964
4224
60385
40797
14663
9792
78942
67520
9744
36225
81385
47434
20201
78298
99159
83351
46232
18023
53984
73250
20105
98951
87042
87119
48937
58751
61148
71554
63180
78166
88372
85093
50537
93463
61138
69542
55513
96402
83426
91030
33083
39451
25717
13291
10067
13801
37696
415
40678
98296
83516
35407
33440
24615
65445
21437
1326
48283
508
94863
22756
97179
31813
58861
43192
73618
8713
49671
21541
79344
85300
59085
76713
66409
42584
18868
10887
76820
81384
59608
90598
86381
2814
62484
38673
58548
31927
30636
35701
71980
25425
48548
88326
23772
75636
22342
14041
29393
57958
86272
64395
93339
53013
17731
62361
3531
45105
69286
38182
85756
47886
14369
85049
94215
68551
37618
38460
55404
23990
71643
48446
16400
10717
5090
80626
87226
32033
81679
97485
49141
32969
95378
63084
11217
73379
91259
15404
6498
50048
49599
58095
49695
83987
58010
76606
37445
17397
67976
64514
73489
72100
5034
43114
89929
76736
67783
55176
47636
34892
32009
88051
42973
55827
29500
326
93172
80384
60178
24800
12621
46821
86945
4195
54272
92693
38307
28853
18951
37098
78518
84962
226
39232
44218
26839
89878
29368
41877
83592
59690
36534
73810
85611
75529
34211
55550
31419
12036
37132
48778
90519
61165
35841
9900
48288
88828
4374
55933
1726
88845
13445
45340
82396
93920
63147
76938
52295
99160
30791
90540
81267
16253
45438
66060
2806
87994
37689
53144
64491
11583
68549
70338
34288
11456
64690
54654
42056
66100
69461
56967
35098
59064
28583
22778
24944
23881
81411
32954
52089
97037
88588
19018
27176
4779
22916
76470
46867
79471
68278
94859
78548
39239
14029
40090
23307
55336
66554
39033
57242
33609
52851
27361
56136
61607
92014
97681
95199
66527
8074
56490
53422
51767
88647
39665
11303
27190
68457
32944
46786
25608
53721
20182
32600
80603
31267
80370
4713
93956
56249
26332
96407
11450
97614
71436
93960
17466
76828
40736
26824
65761
95359
28186
63492
49910
38552
83136
19921
38173
3243
25211
86083
7397
77986
1689
81942
99451
16135
8107
87529
26452
25133
83559
38653
48840
17768
89798
10202
33233
1584
6023
60587
48816
42659
17675
51325
25256
66016
10903
28356
21537
75884
99286
68342
16902
36049
60820
58414
90440
95258
34884
84427
4857
4440
6778
43022
31409
30976
22929
77503
29901
64779
13415
49960
92363
85781
14652
7705
7887
36798
38967
90114
82849
31340
3073
35260
76940
37286
13608
961
66528
39099
19453
71663
19250
69113
13814
24777
1015
60311
78797
88566
97644
92331
7935
83136
89169
64244
79693
85302
6186
78610
59871
60715
96861
78089
7996
48596
97622
34850
21620
66830
22309
7050
40630
54550
21663
92209
84378
84782
25241
23435
63416
41439
99281
49970
69327
20946
26661
55683
2495
7670
41177
99037
24079
20829
70837
19269
78376
82814
67300
12708
9944
20373
88855
94983
91632
82238
85824
90494
52646
85726
95063
59774
10164
28826
99577
21792
49975
87742
70500
92255
9169
11064
39292
51197
91367
51386
86889
47007
76580
92379
45271
33068
7380
2486
33652
36883
16810
27273
38293
86146
5690
71992
23282
70639
50464
25064
19525
89939
38679
75428
49872
9770
23875
2684
87156
17268
26856
56769
75994
13559
34160
35338
70701
38075
97193
17650
47646
54028
324
65911
3679
4988
95799
48092
31945
86399
43164
55624
91126
56557
4176
75589
48551
14979
81781
76962
93088
75777
75664
94194
54727
43822
13484
15275
4584
55472
64661
15751
98324
80404
20990
10822
33949
1964
84572
7530
57564
75596
43400
42266
93547
60268
35265
40000
28492
51050
63528
73867
96224
16261
77506
24525
63120
40930
46105
14014
808
69227
52987
10327
9398
79115
79385
71032
84784
95539
22601
29411
41995
68600
37125
30270
84261
95923
17098
373
22588
17375
38746
87830
63124
9887
52027
81267
8693
55189
52566
71299
69483
34188
98264
67682
48357
91503
46964
59212
26262
57072
91295
16294
36407
75778
52370
41397
91554
27551
96652
8485
85497
91587
97133
35107
31229
78959
22588
16227
64247
40551
40707
85307
42483
90803
32942
34054
38911
22434
13551
44258
64881
28739
39548
7155
57247
27498
58671
44638
31076
15538
17253
28814
99233
64021
57441
66610
17914
27413
16198
64605
13589
36630
3968
1445
19167
35745
87515
75813
48550
89539
94122
46203
36256
74540
97890
35626
57379
17713
2173
36345
81994
82090
11223
89426
60279
52437
25780
91236
2443
62897
99672
27394
53231
22788
42830
19585
5999
18517
18146
22782
33754
14098
11270
66710
79651
20300
33328
7916
9731
58742
17946
10918
18133
54826
69314
71152
52344
98051
20904
52600
93136
4004
49203
96272
34214
98512
50731
10544
71267
68560
37216
43025
63705
30096
70914
85683
74203
46370
67335
83064
85280
69945
10312
40998
93251
65007
32900
27465
19334
62080
99740
99662
87370
83789
97141
57513
20280
92346
60921
90609
45148
18960
78871
72031
27653
24348
6398
44914
24710
87630
59557
16462
73304
23514
30759
11928
97526
73019
27199
30203
63071
16811
88400
85095
84408
38956
12320
86445
37063
87362
35768
63364
79577
73751
28389
61447
34909
7126
54714
24308
34023
64560
46188
34382
52141
62586
27061
94652
61005
10125
26354
98376
36518
65284
85637
32449
72570
865
45203
76698
72019
12105
30534
61449
21082
7844
52685
6697
25537
65246
49207
25528
75867
95625
46748
17625
12767
84760
58068
76210
23049
94885
88349
98159
88920
56076
52025
61630
2001
64397
79278
78130
85242
31598
16645
90144
12544
8855
31372
41317
26962
99925
28564
44894
85859
35767
90067
50638
24460
7700
53507
78427
21000
33155
78273
63217
33111
24993
68206
45310
19195
62607
88722
93428
40478
34257
34708
31274
69482
68113
29667
20603
2958
65209
8017
98726
12320
19868
17747
88813
27382
87246
90274
44822
95916
10728
97628
43372
36449
62373
45636
12447
65242
6791
53118
56096
21534
68691
87156
13830
7608
40464
92723
27276
30071
95084
51726
17809
23633
93816
43899
91190
16220
8295
98097
48035
43380
91635
86096
81346
51897
95031
90361
77539
62925
70070
68658
94230
99514
47091
65475
79508
42442
58998
29275
82167
6605
61710
7692
36573
60758
92489
35531
63978
23774
84862
28465
6178
53568
28900
3357
17907
30396
80536
79375
27721
27925
5562
5870
55991
9042
43473
55747
6485
75040
35107
51708
60636
92686
22781
49066
33228
92080
54417
88707
49863
43037
10899
3745
33716
80241
61147
38209
88413
57676
20230
51493
10257
64912
4501
4467
96642
72103
28205
91219
29096
35579
36341
16180
59804
19388
66811
32904
85726
33150
89071
54020
78767
24920
15078
82785
57816
64454
83225
75806
73762
59271
64387
27227
12283
33088
94535
25919
46231
56088
26183
23507
83693
34170
66734
53189
36918
14070
35143
14311
39505
10528
9572
78413
95074
20591
67640
87954
67470
18143
82877
63123
43776
55376
5295
36338
90120
69892
16078
84532
60023
32101
24128
27684
19332
59165
26605
86126
38282
98748
50753
8517
61767
81590
41742
37886
94238
37442
6312
94450
97206
82364
54951
87008
37530
64164
58760
32105
89079
67293
31244
9010
53409
76590
79703
98885
57645
20677
10930
27376
22840
17199
20522
5092
65183
98305
7759
10455
86181
4626
34102
8291
12305
76414
72535
92742
74029
71365
27824
20576
90888
71785
96800
6295
96308
69716
63276
68662
89513
57936
3678
85673
86017
91438
51009
77443
69529
92639
42502
73817
35286
95070
46914
39141
14526
66756
45134
90883
84987
35281
35590
36919
55579
17098
24042
77989
36883
62518
16096
99383
18519
72000
57999
71707
95811
50521
32742
47907
43958
41970
50035
73219
17010
36230
71469
58550
58397
32558
38475
37465
14819
10571
8874
96238
66577
98912
4202
98267
46747
75220
15889
48009
69943
25813
66919
52389
96832
14768
3353
6306
64725
43802
65239
92021
37559
69962
89014
1592
47374
22236
53070
43048
2597
79248
5244
50118
76553
34601
39521
61369
90478
60559
80193
58859
31018
31181
41766
40104
73432
29651
82171
67618
46198
84565
43057
69808
55975
14667
91805
30762
19634
47727
54647
96430
25505
5026
2333
97246
3
61607
53998
41472
97867
22405
61264
81533
34383
41994
66506
34530
71913
82723
46954
47074
21113
54405
43777
22706
27649
52327
44674
39372
27752
8262
19943
73709
24312
37152
65068
47383
24064
97305
26161
40175
49842
79032
25820
52991
83622
42955
36117
30005
74933
68575
40744
90723
20255
14345
46055
81245
71494
70272
90758
17022
68080
24833
87581
30916
8969
53994
36617
15631
63230
62783
38187
6246
25380
34312
69639
72018
20431
24112
50918
67968
63259
52743
84821
99139
27175
78241
17540
12432
33844
83254
60424
71681
44074
4032
19641
78611
76724
90144
92660
4392
70175
59001
34138
59333
7103
24563
74096
24693
15626
93881
23997
86276
68731
68252
20527
9316
5425
48942
14871
70508
48333
76903
80392
9364
52087
57796
12923
96538
48281
31331
91022
61537
2914
14408
72480
48205
6757
26555
2199
93448
76440
16903
63035
75551
55702
64221
61784
47237
22205
32943
54816
24176
88400
93077
64678
14327
28342
27180
53220
78906
20889
28498
16438
96826
5064
71787
97277
25276
97909
94719
11613
57003
82744
36057
13823
57235
14187
59018
17167
15431
57419
65860
68607
93211
22141
59231
30947
67115
60135
408
37331
23506
13555
92781
35788
18004
176
43170
23471
13909
26768
14815
72704
88735
25354
48751
34921
12895
59418
58243
73492
90760
45500
30477
13141
53680
86837
15526
27678
93806
76330
7784
60104
97442
90759
596
82928
25773
33562
54989
64056
8341
16085
14171
34082
51010
91503
23274
46713
45924
14179
31080
66440
68394
48303
27947
37696
19692
52279
56648
47127
91362
56928
28477
94627
40331
38741
21256
99331
18887
3366
2861
99511
82749
28420
22068
49699
75382
39238
64393
24111
74048
75590
50426
99242
7085
27365
31996
66402
23793
30339
89991
28718
2215
87272
70773
41349
62732
21982
80296
86084
16098
45844
86113
50188
64142
20989
89545
95329
15163
55791
98571
38380
58837
51780
41944
56698
60239
68252
36418
64955
96510
39929
1186
31940
48731
98178
21203
58701
53445
84897
6964
28179
48924
59141
69289
32727
34055
30944
54938
14174
87247
31978
6867
64431
90914
98044
87522
34680
79250
65270
73181
48425
21203
36442
39449
28983
31584
24174
88052
79899
30390
66558
41452
81489
36119
13976
18949
82137
21193
48270
27464
98361
68660
89495
90334
64472
49896
97103
39993
99941
50292
89330
94251
40686
44816
46149
57645
88394
98549
97773
81562
96143
7775
44149
80241
90876
74738
41261
63478
31473
32498
68294
70865
18258
9
84695
4558
71592
10053
69787
70492
57407
82936
49392
15182
7689
85174
82618
72221
7770
99418
44446
2659
66058
96161
25671
7042
63094
59821
51844
96539
92031
60516
57288
85367
89705
43663
6505
1474
57054
7483
84098
22795
57417
30587
83601
29765
31483
3876
97529
76169
88425
7439
36833
3409
80843
26171
44787
16639
1182
39241
3742
30164
36932
64766
34293
18297
15839
22116
45741
44026
28538
92745
68227
62438
72128
10175
26388
2736
3426
36858
20867
93233
2549
23221
18454
59332
17234
57485
58681
18152
35605
22757
40570
47266
79166
54144
74635
69880
72371
15850
13348
34967
82716
69168
73822
40493
92005
51395
15833
11472
12928
62072
95255
61622
76864
76491
45598
89722
55679
29784
28122
39134
78457
25473
53112
28803
15631
19243
97356
20211
69797
5536
94541
60951
60036
36430
36372
29857
81849
29351
60960
55172
51348
22815
85141
61622
16330
27793
3608
19221
65555
68283
26644
72352
2028
7965
19449
90457
75670
21534
35960
36745
83830
28134
32968
17436
66227
6917
16579
57889
41179
55627
16266
18572
66270
47918
33149
38740
14897
32264
56068
8948
85485
5302
47849
28942
43822
1753
4955
71363
34164
35193
51309
17693
24965
82429
28565
16485
58088
96724
813
4781
91275
23440
83414
24584
8991
13381
69264
49549
53815
32334
71970
59832
10317
51401
72568
43496
34301
67414
44192
96258
75240
52764
621
45164
36146
88964
12020
19091
81475
67356
31666
56134
66122
77141
75076
94105
34390
75205
79628
72322
83515
99557
82131
56703
45907
51860
28866
85327
25691
85587
71463
2580
73778
99303
88279
75544
44221
88347
88870
62725
71173
69371
88144
1195
70647
51770
276
22941
59299
40460
34292
14452
50782
43597
4662
491
94400
26296
81221
89026
75559
91440
63153
91355
91890
18171
29675
67232
48678
41250
89802
75611
96749
38867
29257
92732
20722
75263
6150
99222
56710
6908
84997
87042
9438
28644
54027
10491
36243
96276
15875
65729
3361
34542
42813
58198
60936
92599
69321
25796
5166
48154
96640
11637
24059
75523
34012
69177
22971
48197
50843
78628
94272
74324
88768
4781
46397
38956
48338
27760
99052
32232
55483
6508
64969
99244
13930
20486
17621
98780
57074
18628
2420
2498
80201
15379
58831
779
52361
57890
9683
74795
72498
45893
26928
47829
86598
46003
46554
29668
94700
64232
30444
63093
60878
484
47072
17002
16475
32074
85944
27240
37445
481
45272
62938
49412
82550
8746
70796
30545
80888
27544
97457
65420
58395
13270
61598
84694
43510
83798
59628
76760
19141
74449
57594
87482
78856
63717
90216
12109
44801
2609
14045
18466
5978
7739
64738
98801
48669
94186
16069
52979
49178
26957
2295
73351
18981
59058
69934
51153
99349
50383
43844
18038
20838
78685
46358
88769
5272
85240
83175
6338
61646
66208
17018
44650
64399
69243
82971
44656
52968
31889
59990
38799
44648
21839
57118
74245
34147
15589
81608
90485
71728
93095
6701
20230
26731
3535
56300
3811
96276
25689
90917
4345
99982
46214
79519
98619
77665
69338
20068
83201
3864
18527
56767
65061
323
11711
82565
13541
30454
21389
10793
72484
4520
31293
46854
30569
99637
96680
27097
44254
46589
29929
59620
2578
48131
24802
83085
50295
33230
12856
285
5317
49579
94546
97025
27189
48970
34270
53740
92903
32509
9644
73619
34429
54236
86354
39503
34398
71555
94726
93023
7348
23570
4711
58916
46349
47180
22324
98243
24126
49368
15635
2342
98171
16643
56620
2203
58720
83485
48907
339
74188
41464
86114
613
77185
91852
68580
48841
20773
29013
43659
10109
12100
38355
85843
12963
84619
19913
11901
88417
64622
55358
48045
99616
12515
51584
54252
37517
55077
2172
76903
30235
42643
89223
69325
16959
6958
90296
24757
82834
91390
71243
21910
54451
90222
67360
12846
13411
70059
40186
55707
423
47049
44065
58693
54473
8414
15392
33234
82583
17029
39751
26832
55011
61820
20458
88751
18721
91846
35201
57892
81964
27946
19238
68104
49314
93490
38074
88758
51651
84397
21728
94096
30454
6862
79232
85179
98467
71083
78309
84895
69850
16286
78111
87208
44171
97223
83490
86631
7372
45416
10246
22066
88663
48552
37765
35263
70792
88081
17856
20333
95619
22130
47450
38364
16268
68509
11899
68752
17678
27818
43150
64081
19061
51922
17507
57550
65779
30453
4878
43318
37151
93940
1063
69469
98193
440
47816
62013
42151
16714
35954
85202
60420
99448
5672
12509
63115
10966
62290
12546
54408
3963
81851
20298
22536
12000
23475
26370
22108
3300
175
51866
474
9163
80580
55879
30972
59898
90447
66913
30431
18461
90736
6470
6628
25505
71946
53237
8755
7802
32325
83283
2099
12094
20941
73930
41843
13704
97968
11301
73861
21079
95939
34453
2461
59180
19774
73551
15031
17679
10363
15692
67950
81258
54971
61767
31301
34604
83713
59139
16610
70760
43925
25858
61230
17684
6946
8943
93015
3275
55641
15510
97902
171
74956
82438
26473
99383
49747
80021
52674
50070
48619
34268
63574
93298
85266
57847
62247
61306
7532
90631
24442
82464
22721
30704
83418
33308
91804
12955
72083
96200
80398
91093
54935
22177
14665
52461
10397
39628
32421
16666
82685
95247
17151
21139
98742
73588
52629
72341
23624
29162
15307
89825
79322
12835
23401
77244
43733
58902
5690
77293
69671
24063
4943
17506
80001
52602
45274
77707
13881
68076
66132
6557
22089
47610
89783
94864
24142
95664
57188
70178
7082
59771
66238
42546
898
19088
38829
32134
2849
39811
84125
80517
39987
76880
55004
68861
42859
73045
45920
31167
91166
45462
61982
34590
35077
37976
87508
52244
88447
36710
44544
87165
4012
40528
21478
56441
5171
5606
65518
47694
61245
34146
99108
6596
48248
26363
45238
9959
78549
58067
88634
78793
76490
92714
78181
14781
64081
35336
501
64413
519
61207
80360
97285
49582
18438
74690
33750
19148
62376
54507
23348
37769
45491
84463
50505
32245
80641
70236
89439
64192
87570
9032
35401
74975
19688
16776
64795
64238
10634
98938
10061
92680
97218
70108
69117
24433
48127
37906
23882
91597
84723
44132
63929
5798
73718
95774
21620
75306
20417
59375
79462
76586
5044
89898
43232
53564
23601
76103
65879
3450
9086
74691
25859
64738
25575
44988
9410
89140
67546
61271
5363
49526
62633
43610
59868
94931
89643
94033
82149
47991
61179
49069
81242
1909
46872
15968
40813
41154
56132
27139
11985
54903
68869
47057
43072
74419
39878
94121
95798
42455
83895
58511
67731
34344
33257
49451
14301
36720
42323
25769
81596
57341
23760
28568
23421
7968
32830
19211
63024
31792
63617
33755
73609
17573
26206
15267
80258
63357
6304
8578
60440
77722
6326
45308
47690
73058
55507
54521
61117
51709
60749
75685
65754
48507
27039
32591
56334
57164
99303
93418
55753
19910
14152
25103
70112
48290
77449
74905
76043
96639
9396
24903
71912
17405
85496
60797
78294
21796
88552
88100
52635
13275
28441
32133
25950
46577
6504
43026
52141
73783
22546
79549
95705
74148
72122
83167
64693
31312
49766
83379
50682
33945
71810
43224
4198
89313
65020
29715
61785
92846
358
35690
97335
16553
7160
72458
26088
80351
30219
11010
19419
54755
49695
53349
45118
32394
54805
18988
60296
21774
83030
27218
59152
5900
88843
85430
67699
8549
10274
65788
89394
42336
17327
33933
65585
60327
5832
26834
64793
7686
35369
83965
95799
33359
55310
81185
15162
61657
17532
89141
20121
36700
53528
23764
78251
55830
57741
8128
52750
26697
90283
17466
30593
31739
91010
51916
73225
97909
35403
38143
13328
73733
6368
65541
31681
4828
86528
40497
51725
83408
79276
39130
78185
40282
50316
74204
24525
39769
22922
56918
53399
75214
46709
23884
74918
58942
6048
35335
48800
37140
28513
36561
4781
19996
29586
43290
15577
95144
77779
36085
22453
90063
26438
83707
66615
9417
16914
21287
89429
26452
48865
49976
50926
63859
72290
18835
93538
69066
70472
2462
49973
64099
57672
99430
75952
58859
14847
86394
5183
99477
50793
72494
40468
52278
79691
84793
35843
81192
67787
42486
13284
79272
29171
89447
99252
16792
8689
56110
59636
1821
21434
40754
5288
61218
95650
73280
36217
55539
90341
51335
39892
18402
5538
63578
75113
22342
1722
15314
92525
41559
55510
55146
40057
8788
79134
84450
96072
94589
83107
3964
93500
51449
16150
52130
6874
39985
89550
84638
47785
64243
91302
72832
19223
88912
89148
12187
95989
45502
26164
20776
28918
3831
51027
2274
17427
61976
1412
97001
42730
43427
35510
7200
60955
24893
24540
58510
48809
75473
4780
56320
85567
68235
11457
49189
57097
53405
43417
57585
47030
88702
93687
99579
17213
26854
6914
84799
89365
23988
85892
43580
89499
9224
3852
83191
38831
16393
71053
183
14167
93888
3101
38567
69947
96315
27862
40535
94856
74283
15480
60794
74126
75175
3461
88169
60418
65766
37636
89247
19900
9032
17119
69788
95897
30798
84581
94787
76538
83774
83784
68059
47908
53888
18911
37777
59486
80932
3174
68884
86550
75833
14362
21016
4796
2935
70749
43124
29029
39287
28536
56676
78474
60437
94035
17576
3142
85141
90239
75779
52603
44987
61773
27836
83918
25201
63092
55072
41799
9061
94640
3422
84274
80392
10909
22986
59520
37040
54592
51771
42407
18967
17790
64557
61885
76058
26594
48896
54401
87355
68092
39895
23795
41440
349
77721
32695
73841
93756
36979
33622
63966
41204
75221
16604
70423
90435
40432
31355
68145
1324
77983
56391
30824
25206
88411
81336
81111
30155
13060
81835
72610
63451
60991
68641
74733
82134
50707
11774
18658
99765
28075
55339
65391
41938
77175
8533
17381
56555
58155
42476
86715
64323
34558
46821
62825
30785
72940
42680
49741
65487
73717
63074
88777
17980
52796
27493
19043
93466
94121
15235
34723
70305
91303
81863
22073
3018
230
15804
61973
94581
42522
76883
74412
71876
19834
36769
75450
19870
1026
6303
16219
55309
96530
30280
47312
31775
40045
53471
43200
66089
75418
67975
82709
68831
69543
17224
79163
14461
19233
63345
1060
66306
27453
73168
28998
42895
19442
9436
49307
23277
66492
28876
36577
2212
59867
26620
10744
64549
94642
3343
88614
88033
16521
31304
95862
69807
69259
28976
69109
6154
83304
81492
67988
57041
72020
6276
33833
23717
15366
80532
50541
9998
28507
78143
86911
70679
31088
84255
8640
58221
66731
39222
73237
74692
75827
55528
60264
76818
73395
53919
4295
62513
36220
69765
8804
46690
93728
41902
43219
75077
62167
492
77807
43618
31773
36184
23253
21539
55794
6224
37992
47095
35577
1523
87659
63217
42490
20070
83754
31558
39296
99731
84402
95315
58171
49445
5972
67989
40895
4174
93030
76079
7364
85025
22721
60360
75524
79800
14340
44682
34112
73870
33968
65731
25915
50662
26122
34536
74909
88195
27004
4845
84369
21262
54581
12687
92935
63571
40004
77131
90963
7908
52225
54691
3821
91925
33060
47520
46287
31198
99851
91883
60762
55772
95320
4914
76881
54160
30033
34857
4060
50078
14207
69447
22438
9839
56336
20805
55168
66192
67957
74082
75836
28113
89508
31842
26162
27846
67670
66730
85118
1578
37770
62086
52288
18551
6337
84547
71387
5199
91936
46805
46519
68983
49554
32338
21792
78486
34819
9685
21412
65882
37574
15036
5720
28723
943
24747
34612
19511
23513
32455
71186
47676
85826
7067
5107
96321
33002
60950
88698
11429
53240
40299
33263
58798
64597
99056
70781
18532
56943
18272
6325
76563
38679
23673
21577
51980
4355
48670
45617
13701
35661
53750
69258
11765
69298
91307
93938
39353
35891
12204
80653
25905
57368
5323
22691
35363
54472
7648
63167
8535
75219
12868
20914
30522
51784
65239
91790
45468
28575
4475
2988
95313
17488
12311
42150
92340
53210
26453
64381
14527
61181
61859
82996
56276
36672
79030
13011
59991
76140
99810
12710
7057
72911
81539
19963
67151
1178
30648
97447
42369
75075
96675
97762
45596
69604
68074
21862
7961
64538
93401
98452
22931
87559
55229
38576
72013
19856
69450
44512
90345
66560
11895
27824
68946
46051
74237
30833
69555
83724
67035
66805
90269
5455
86005
73748
82213
56200
10032
87563
73540
24850
60279
85272
6038
21073
81402
61055
55291
28585
4745
89992
80377
82692
20061
82207
76472
27088
11792
17362
84485
81950
92480
48183
24047
39236
60625
5571
19181
3356
81768
13076
65814
93827
67856
90504
97703
5947
60280
24355
50177
75145
16659
67725
29576
28728
84374
2322
84485
28404
2334
83200
95045
16432
85192
77197
89592
54433
79575
62510
50450
24384
39506
17697
25102
78380
93315
92516
41094
90053
40825
67611
82364
57491
18630
72526
66485
68989
97410
34761
664
15218
68390
83131
31571
64035
39474
34935
12726
94278
16296
51958
22806
45365
75950
44178
93676
80013
10192
42252
77427
41328
66652
40968
61454
11620
89892
98956
6944
65842
13567
5988
96273
8967
18088
51873
35407
85462
49950
7830
8267
96660
46242
26777
86680
30490
98205
28168
53680
62119
28439
34497
98991
74875
4833
81864
36854
11773
45580
67238
88553
43479
56495
88004
78993
25685
12389
71316
87706
90345
10924
26152
25814
86761
24744
68953
83193
80367
98974
77954
56443
51608
21593
52962
88825
93095
64520
15037
54324
26719
66622
4700
85328
4396
47825
49096
3670
35994
53756
85235
53523
73852
9661
52623
29303
27879
3543
22293
11959
33781
83665
87424
58636
46338
25013
59663
49969
43858
29138
54214
36168
79817
22938
64334
74998
81842
69381
28496
87042
88697
12205
15646
72251
36560
55184
26507
53615
45197
12561
12301
5044
74986
72086
48450
62467
89637
19595
29256
45656
38622
25950
16772
53555
65308
38977
15292
506
94663
50156
60029
56853
79823
79448
98966
77872
82692
52805
48954
86461
36476
52660
48322
38351
68176
60590
56617
66432
3071
16987
16398
55212
23562
36684
5686
37844
99190
42834
12263
72348
17933
82724
8334
89709
25406
27197
89977
15380
78360
44316
69982
20897
92434
39106
23091
425
13959
27224
2100
12804
64434
39846
28576
9103
26486
97596
14619
51147
33881
68013
39054
31773
37732
77967
74467
80588
28836
47165
57865
95046
53196
51446
23510
11867
85425
96475
78720
1632
92941
26516
80483
83726
20701
90827
62206
61248
71555
83119
13782
24825
25508
40915
92177
90971
36490
35821
97660
4401
31555
51191
91878
3686
82369
75857
43138
52428
33273
72797
31657
64982
63908
85634
23766
88702
57024
50762
57544
288
34063
36868
62372
20988
51895
45859
31728
49368
25697
52508
88025
90588
71419
65452
35790
9749
37334
21167
46435
22931
72168
27114
11055
40970
16523
2627
78350
68052
94972
80484
20063
71085
47164
7803
72423
12822
12691
34716
54220
86388
36904
93438
66683
55886
62762
52602
95203
16466
75147
5456
74360
56560
21632
7457
80785
43549
9570
88310
58185
40337
37743
11703
6370
71337
53386
6773
86718
4263
51255
49985
43460
16173
50592
38482
43745
20678
3314
20771
13892
41405
34496
8626
53473
75491
43264
72867
2767
92141
14601
29979
2314
78644
48731
21605
12945
22196
9655
73744
59113
68429
16355
27119
54136
78021
12967
94872
58443
92644
16466
90790
48337
47670
48726
72471
99326
7245
4072
36910
58985
8060
50337
89266
91918
34301
20384
83725
23500
3244
76549
4846
99624
67498
76823
32392
20937
44251
20863
91601
2778
77512
21963
38019
75083
43838
54828
27710
80303
21420
1816
452
69536
92617
71913
71580
6167
5804
1436
8016
90996
52051
76531
30990
53052
83645
74067
19307
7605
94287
14887
12187
50444
6674
12123
1403
8784
18419
53378
67015
79189
3778
19857
36932
7346
27060
38177
62264
9827
86306
9745
26188
40968
73608
70177
63025
78596
77286
35096
52440
14302
36610
88479
18392
35267
85859
6692
96364
84162
63575
48601
26771
13487
92847
28850
38159
34337
54462
96906
66726
58356
32478
17758
99075
51784
63659
56240
57270
55520
90533
32389
3408
63012
7122
42120
59272
96479
55514
47173
69209
57697
17002
32015
43105
49630
79985
55675
17699
90669
72486
65122
53958
32938
79296
26979
82100
81748
78076
86239
93501
17552
58395
3707
87601
21125
30721
61889
40105
35134
79543
62303
53471
5931
45450
49670
77873
14176
63658
29164
10882
3796
15148
81611
12953
29091
50664
60673
54144
85517
3548
49870
69862
94837
72103
63352
74941
68803
26894
88394
26301
15874
56571
35408
4447
1698
95609
93085
90915
13623
60633
67142
89451
48344
38288
56037
79934
4289
72503
27702
96101
86930
28714
91357
62737
28462
59305
56382
80819
40669
96826
7715
21443
47114
99685
77178
95802
39653
43286
33717
94904
18050
25855
49320
88734
77176
35859
52590
16789
95875
8844
51332
17925
7875
65670
7692
13727
64923
94882
13516
58804
82419
92772
94925
18107
51670
149
88988
91887
16340
84353
37676
7919
83137
94202
26290
78780
72276
12820
21064
52382
10442
21767
7659
85791
30368
21168
61212
91919
63420
39248
12578
49695
37733
72396
77927
27174
23302
61995
39703
24542
50128
43739
18244
68040
53493
4204
94117
29380
28333
63123
51058
92122
27156
66248
78121
75188
67242
63785
81676
4449
94162
16405
11393
99700
10484
64242
55505
50274
66715
1959
12649
99944
97496
19011
83292
17059
68445
98100
45215
12278
1858
24496
26828
54120
3491
11728
13408
26883
93216
58448
4252
3989
41756
46704
36968
80691
77119
2262
80971
63825
8436
7658
45620
8108
11212
9689
95285
2112
5369
89010
42882
95570
71187
99948
3510
11016
2198
80414
78607
18059
86658
91845
53101
14092
43642
3266
21655
6108
43206
64121
85878
93171
13105
21235
45655
55210
4300
78877
71149
90400
88873
4455
86893
92825
10944
85382
81777
22746
62638
32690
91574
31311
98512
28904
63390
54661
99149
40906
8878
33168
67146
49306
41648
76358
5491
12259
57907
40322
29528
85968
24166
45474
11053
64914
417
63082
30474
83806
34812
29183
47625
67052
24757
25708
48971
38202
24815
65600
81875
72872
30990
64558
29033
11769
54428
46028
26521
48280
41926
93333
8913
59600
11391
83655
54694
96211
74172
45317
80688
58356
96055
15670
47337
76653
88717
49380
29106
84666
23360
41406
73038
3100
24053
8310
29093
83767
61111
72996
42787
66100
57586
13313
53462
991
71513
35725
97235
13162
80512
7626
54578
84937
13283
53151
49997
50932
63197
46742
60805
22216
88850
63805
53597
6470
62245
50761
32765
93843
11362
6318
26289
33270
64438
73672
19655
73245
70642
36118
70581
90776
44621
63578
59536
53788
78110
70490
62197
84737
25989
16738
91621
39493
83555
87167
73697
34343
47166
99941
47570
17708
65854
74987
21603
19358
40403
97194
65925
43112
22060
97505
75882
348
20737
6676
82891
73581
54730
5864
70466
82229
40486
18504
19728
90415
62709
91523
38008
87006
52990
9420
79074
40453
90602
20697
40794
973
36039
22821
25039
57282
66406
96142
70516
11222
35742
50488
81217
43612
78215
2792
74035
63662
8191
67337
59912
5448
19656
64010
78628
75755
6727
43710
43855
95963
97095
56090
44853
71393
78388
16859
22661
98922
67841
77470
40914
43878
34883
86822
56500
54442
61939
50330
86536
60302
85136
33124
34060
20399
78554
60947
27332
90127
49784
90841
7353
87376
9587
12110
47540
41692
76185
9195
98919
47488
41596
43152
75524
49549
94160
30943
34244
89014
64688
33822
21921
56244
49113
96697
98781
34661
16397
60413
74393
92232
83761
31743
93502
97763
72336
28499
66328
97790
41815
42421
39349
13253
950
47684
69835
25001
18693
74657
7439
39584
8893
51317
17535
59041
96282
84424
26777
457
97408
20427
33538
47896
15603
38031
91456
39316
2237
87083
33087
31013
49548
93850
75024
15800
4658
92730
37701
55932
33667
65998
34295
11112
20570
95518
89025
87251
86324
29714
32898
82714
65811
59194
22142
35646
81373
92329
17790
18820
1723
75029
47179
96211
44538
56953
31607
23577
22477
98323
7381
70182
2377
5830
58683
97551
38503
6297
82791
37676
51558
8054
79095
50011
44071
51084
43184
3195
46191
62861
21592
41105
53224
92273
73244
1063
19104
10738
16458
32456
22217
24301
1784
62501
17239
91303
13404
38324
5125
34534
63601
37931
66384
92980
67193
43561
27227
23360
90325
87246
47817
50364
1326
96605
17414
16928
30448
9473
58527
30565
80650
67366
8100
92395
14703
2491
74317
97875
84088
92919
59219
70982
27040
86513
55763
96140
41094
73766
61455
57750
66543
95446
89804
48469
62561
30216
20180
66976
98089
69250
6005
11858
22486
465
4417
11626
94459
10375
66028
73577
61777
66296
77681
82872
30515
9340
19502
89375
928
63729
58211
8622
40093
13622
44375
83320
56336
50480
96786
53363
28102
44296
63172
55386
85742
56683
66269
94667
69307
81162
30259
61034
90278
94232
81184
84668
69610
30318
89921
84332
26758
32906
32599
65065
31999
7595
16778
81318
55451
44119
13249
8729
8839
67701
31403
65628
8786
57300
1530
1359
20335
49730
10242
57460
86039
48918
63038
3538
76325
42598
8652
87315
75193
4401
19788
37926
50645
55895
35717
43197
9251
59740
22880
71120
34060
1673
63211
8888
69858
19946
39895
69845
57752
12849
51226
21897
1925
22610
87437
70299
29829
52037
24367
99220
68119
6727
417
76165
17056
82521
82728
95359
6886
43999
99055
15002
42934
95714
25506
40463
56511
15023
22004
83678
13461
21750
12857
60552
85455
89196
87757
44886
36713
69833
54987
69872
54786
79339
11350
41511
65023
47889
52052
89356
32166
45504
29550
11190
18468
13730
63442
43072
39624
60162
70193
39176
90310
31377
49377
74290
23957
40933
11836
99939
85201
1844
14719
34630
22617
90877
65996
73866
41042
52287
83400
9826
98018
83744
20510
34148
34358
96168
18522
95723
73981
11107
75983
63413
69387
67555
53201
69317
57591
50011
60284
53570
40061
8453
46891
74390
4509
89853
8578
67728
53433
5316
38245
32035
48123
18078
92478
62053
17069
5236
94074
50064
3359
58323
34541
43652
95365
52459
29450
44803
22870
10385
64524
87476
64110
11869
49360
24513
38700
72012
12376
46648
81461
90847
98121
58670
53584
51642
27886
54647
29544
83079
22547
92464
66125
73969
62859
88917
65682
11913
28715
41419
43536
1604
7116
45176
38467
6938
47340
92997
90856
42345
54382
72291
84325
43888
91734
90467
81792
33045
29166
55644
65543
91904
67204
65513
49575
82973
48745
37289
50420
68093
63475
60029
97928
84853
52252
81262
67772
99518
14977
97156
39344
3956
40644
91984
24873
64728
66155
12002
54734
99886
87807
48564
97002
41087
76845
90045
66669
15671
25544
74079
63435
79592
76965
46970
49915
97861
44061
31894
18489
99112
53775
94109
44165
5358
89979
34622
11489
64661
75496
98604
72567
93413
40703
87805
83217
91140
47502
16012
86591
71584
39303
35671
65749
26761
72606
62977
54058
59987
19630
95185
859
46041
18068
44689
23813
40597
1074
90992
65198
49577
66830
36544
8093
58586
77649
64249
14237
60495
69800
98708
64126
6454
81542
90961
14740
19072
2688
54386
25110
92608
14031
96541
15808
58863
52882
71550
38290
83595
25514
21123
87023
74292
77916
50270
45119
69421
10130
65063
98477
35073
63482
37207
44745
61627
98309
1806
46023
29517
12458
47469
83166
47850
75105
1309
89995
52492
12552
93702
7787
35759
3809
41209
72580
61108
4946
42471
80157
5343
80451
15591
25985
91481
20868
3220
8640
51023
6533
62508
89806
14993
52508
81203
42979
97907
68994
85774
33401
20015
74870
84680
72497
21890
36665
53041
88430
39371
94736
72058
38839
98543
72997
68538
14234
32055
70758
88459
90532
15984
85029
93101
83402
83018
11542
98275
24643
76858
27124
22578
5387
92761
86813
21669
37954
43330
81009
40107
73707
82264
68887
74486
43086
3037
62839
83710
18806
636
61953
97405
55956
52384
67141
60785
82490
41306
31161
37661
77376
16768
66519
38887
65122
31048
33531
69147
53408
83121
64649
20551
44093
75611
39749
32382
85761
18250
3290
46581
24407
48679
57716
96361
97808
19614
49733
21750
82558
79265
68
25633
19577
93539
93193
31056
57309
91614
3826
46124
31690
33550
10050
1574
13315
28756
88860
57487
96144
89140
34956
73439
44797
94616
14207
49679
5336
48010
6278
75966
21174
30077
10679
33936
58638
95717
65932
2538
90237
51195
66434
26135
29409
3066
52378
19431
31518
9476
59580
32427
92508
73373
85743
36794
97446
655
94690
63791
22316
69861
42695
70568
44707
75792
33650
14313
23712
91845
65343
16919
65088
15645
51977
69949
77507
2068
73971
6730
45196
9002
9731
94353
71363
15845
47074
42184
56052
74476
47966
93993
5229
82734
74216
80117
57955
40537
19574
54860
20494
95940
1090
1365
904
96166
29193
33053
16178
95483
42765
7088
70031
22214
58963
91425
16519
17738
12390
20296
38022
45520
28242
15646
46970
11557
90409
51747
98232
55545
66210
90905
78136
18304
28309
52231
40692
5972
19649
27094
16493
93714
73862
69463
45158
22297
96171
69852
91719
5902
65817
62010
89948
21466
2430
58637
4019
52202
13867
87124
46626
4814
6102
10609
27742
22139
5849
63914
59973
56266
8497
74731
20341
96150
44256
55585
4370
38593
8235
77792
64420
5232
42557
20030
56406
33450
23042
22039
52921
73118
75917
73511
55103
52346
69779
74706
73057
84980
65133
83648
68985
20133
77178
27737
6088
13193
59994
79949
76050
2464
11156
52399
14717
44272
34097
79573
82229
87457
24223
26682
50155
93887
50031
3516
88401
73084
98775
78655
87008
77324
6769
22183
10482
48903
69018
59650
90280
35178
65300
78812
28453
50613
30245
83656
35474
64271
10101
702
62872
80158
74836
66040
55849
66607
51186
15284
32951
72852
49092
32373
89691
78465
2310
84930
3759
50126
14643
23941
2100
88921
66223
59372
89966
65217
50430
43180
88739
52011
27594
75993
10399
95521
83617
51888
33843
28910
51092
92366
11665
2883
95033
83893
88498
49845
3242
73646
48049
40669
6501
8802
32621
31990
48810
32479
45194
32163
55199
11898
27248
83206
65295
92615
43979
61290
37542
17762
78729
54906
6551
23722
85568
76296
83543
50432
85478
43591
22879
44557
97110
19025
9678
473
78321
7554
77285
14325
22587
9915
27785
36018
20410
17472
63812
99623
93787
45018
52644
911
28940
9397
26
85608
2979
35331
81565
87381
13429
91832
96357
74013
17408
38220
67504
30667
88450
40412
28640
90348
90336
58889
27962
21876
46368
72343
43689
67833
19055
76143
34010
78389
4475
50078
28446
81641
57690
85748
77866
13653
25217
94118
78810
43649
93774
36877
68778
51159
50431
90148
27035
9510
60473
35853
6197
24736
76226
34605
2015
97117
68071
36939
95976
2102
34710
14645
65217
29899
72613
37020
23041
82942
11882
40755
79904
29814
94368
75380
56828
26429
22569
14330
64119
57250
66790
28392
55031
16471
17504
61857
10213
32883
41891
56846
92750
7282
14238
96955
90853
35696
76004
27674
45919
23218
59054
91230
94902
21502
13079
68577
87686
9949
50462
23359
98515
24352
64776
18681
48641
34232
19291
8115
99835
16828
70692
10774
24013
89351
81490
49359
62409
15416
7128
32718
40614
13584
97839
17735
76988
20471
41778
60501
62857
98968
67008
49394
47279
30720
28350
50784
55860
78755
21874
80163
33249
10711
55529
95397
43972
65495
56466
49361
94862
32545
10656
83320
1493
72953
66444
46991
88658
33828
74353
73359
12964
79725
17806
70067
50988
16259
45768
41342
85327
1849
90693
15602
67416
63588
35634
18394
10483
47489
35774
83777
52626
72397
25853
63545
20972
22251
37797
51189
6809
3394
2676
25711
6743
74876
86569
15843
70217
33640
92646
99953
62355
78840
84149
30271
97470
38916
88352
32917
43290
45157
30423
86592
32567
55003
55565
44687
5867
96808
97531
57049
35760
78099
55100
90645
74819
78021
35311
7872
11014
90063
57241
52315
95582
94306
89696
87178
96790
85750
92977
99223
34714
53924
78779
53676
68028
31147
48114
28860
37843
93775
29325
78587
52407
83413
98088
86722
51463
88105
55106
25740
92195
38136
80704
667
19378
41623
67432
84116
85917
33082
76039
35998
11858
58205
59084
53479
63234
31614
55467
94720
14659
81248
42523
700
44655
51851
83704
21493
27171
15079
26017
99654
54273
85060
84059
76370
9614
98069
81101
42268
38228
97200
85762
94444
67042
93488
26122
72817
18759
65427
9592
11609
3323
40028
69989
2939
73046
8882
45644
69998
19863
57887
4653
41967
30718
8914
35562
75999
33426
79038
47277
77474
16092
48920
5152
29409
45418
78653
49075
45672
78957
70666
38746
25417
90844
94690
82636
13720
25486
52556
37669
81613
9283
1073
71076
48421
80156
24194
5422
72737
23167
12625
38762
1926
43700
20883
33315
46875
88491
76357
84425
35150
87859
14531
47728
94735
13156
93266
60751
70771
86231
84631
24546
56787
73224
52638
25416
83946
61467
59861
11014
19643
23956
66798
21251
56872
14493
16672
36842
19804
41412
94726
41483
33410
6234
93343
6618
18028
31861
71084
33486
813
19471
3158
27267
86719
33253
55301
46040
42526
31577
21353
64370
48074
59089
42549
76600
45449
3541
61631
54965
79587
62037
45538
60313
45380
76416
99709
63736
44830
64782
23601
31945
43269
408
838
19656
80913
67162
31718
33077
30911
51064
37632
91923
71024
81046
89735
88617
83496
5982
1105
81380
99184
11934
13209
59284
63221
60871
88125
54698
73607
17040
4256
68929
90395
27697
50313
80882
70633
96520
19010
23069
1327
51447
15834
31111
78028
45892
3683
86583
41381
11543
93205
62680
51812
83424
85801
20282
15572
69167
60255
86001
12070
4761
99449
66484
32495
83898
36925
52000
41672
31886
72599
16146
44109
58838
83221
32080
96734
33209
25257
21537
69409
24417
99691
25328
92317
96250
46036
43565
70881
78422
70596
26028
66043
42123
11740
28356
3586
33203
67781
43250
41709
94828
36903
25139
13177
80982
30579
41325
69254
6423
40730
91687
96122
34330
4083
8556
12030
8268
74617
52845
83196
23678
86346
92028
19527
37893
63754
20113
1331
61565
1118
97384
80248
88546
85457
50177
20883
44053
59699
8991
56005
68830
7316
79146
77490
45476
909
88013
23972
73686
45208
91896
93862
16517
87411
8863
61929
4552
80066
69209
1570
55191
76810
66467
64841
83792
35574
60570
30204
37686
70421
81572
80986
69196
29401
56712
85577
14814
66330
11922
19472
66777
87698
66320
16797
66510
82815
1143
84609
18099
34116
24862
27375
25441
38375
51425
46817
32887
78836
90912
29779
15158
64537
83806
55493
18115
38793
66371
61629
70248
78521
72346
77091
49044
19270
36308
27812
68886
19692
88067
35151
58246
52176
39935
63643
18460
9336
37093
99263
17334
41613
61394
40760
89878
83712
45772
3527
48002
88994
13690
7088
61443
70122
92104
55388
3815
11572
32868
22776
31519
65244
58083
90260
42817
22407
21821
82565
27494
73338
24396
98915
29581
81024
54033
84555
98711
87913
59439
19966
44041
4454
82478
41185
90830
11950
81305
41979
10706
54684
8833
93850
51336
73966
48504
86767
644
71079
56150
85453
31457
95663
32632
18861
25661
48846
90715
6029
55064
84340
36838
45228
80409
71508
78302
98128
49897
87524
93839
20833
67702
29310
44393
36907
36209
13058
24000
68608
33200
69939
33964
11731
41709
1781
70087
77662
48901
51381
29746
37341
52281
34657
62576
48785
60401
21900
1321
37278
41076
58604
16105
77869
12593
43579
83326
85930
32186
29657
36606
7079
94724
21544
66302
79064
20744
66030
14235
81173
97156
33047
91317
30715
23579
11601
74096
47275
63857
1838
31698
69065
55856
99654
3687
89695
28710
69202
82112
29431
72612
65554
76399
69829
10400
5000
35148
1467
78228
81114
98772
82418
4701
58324
91909
76487
27837
60483
5187
84764
70297
26715
45878
69267
96668
14258
39594
58647
52146
30659
33645
8755
94478
76941
95412
37208
10756
81041
35191
5660
11120
77847
84816
45429
69389
71626
18944
26882
89215
63031
18699
18019
35850
17330
14967
91836
22232
20401
6512
61333
91639
65199
27175
5053
32824
80138
34606
76866
62801
86949
31998
63835
3676
48935
29777
30591
50902
86619
5320
37771
1057
30094
39367
92800
63810
70963
57236
59970
516
45378
96507
50906
92339
8053
73709
99797
15586
80522
62364
10979
29830
99876
20257
11769
20088
10537
38294
1935
56151
82181
54812
97538
85827
94278
6327
89587
43011
75647
34733
69447
57473
63653
88874
53157
12105
78357
20671
74139
17933
36236
85182
56313
4259
84204
14720
45364
2789
62654
91488
45253
10352
13739
92957
18536
71334
8257
18907
46781
85805
14005
65730
36106
61069
80507
37246
79414
79734
27759
11838
3888
2264
36240
38677
35046
40329
6335
2716
399
90562
70628
52173
33633
11362
42122
81769
38331
89097
44702
65364
37565
73726
14132
13972
39371
70027
35939
62742
80878
11260
9860
69224
34035
3619
73142
38400
23881
5046
14300
57171
49063
84015
68925
19583
52868
11563
57220
79554
38205
23405
57982
54081
14995
17368
7839
72322
44202
54008
67997
8242
85292
77305
18
29247
49444
57294
43262
10911
52291
28940
43428
40008
9022
89165
39240
80245
32525
83341
52632
15495
28557
7472
4416
15138
19488
7322
24915
35596
30024
70037
60201
12978
34800
93903
86299
4867
62339
98330
39209
38994
20690
62602
21941
91384
3346
23034
74278
75216
92860
68328
27302
71673
83372
180
27620
73271
45922
37828
88114
14707
54500
55011
30791
36182
666
48030
76831
7090
15760
96486
15478
65626
60312
85745
28689
38756
16933
7992
4853
7374
14321
75130
58414
86326
71225
16632
27434
91329
92891
48599
67355
80757
95294
24129
74040
17087
74154
39364
34268
92398
63756
44978
13862
89941
64212
81727
33719
82157
54743
53703
58135
35889
40877
52677
75985
92352
33331
68284
47474
44927
97098
1106
79726
26612
28183
72528
17243
65804
1121
80291
59380
53686
40310
88158
15959
22149
69222
13846
97768
23634
10726
98949
32171
87352
36559
49704
718
60759
71037
1313
71165
96913
82544
53173
11564
65135
98062
24398
67632
12509
89246
45082
89414
31082
32239
93835
12683
26922
77455
41750
67170
3348
64436
27988
61490
79107
96215
93123
29861
24441
58324
77989
7658
97431
18700
80928
94611
63783
11779
16701
97720
83667
27842
69834
16082
75659
26101
15352
34817
90754
76622
27037
10023
99569
9824
61491
18730
97683
91238
71735
24246
29000
72826
20778
98617
338
96798
74964
40613
53531
15926
39164
47506
93100
64715
97745
69273
85719
23370
4165
82329
78319
36067
96589
32534
77931
53547
52642
80181
42311
58
70690
31938
49154
4878
30384
71242
82881
2726
87696
41249
9131
75527
86924
45982
41866
54715
39505
98938
95984
1549
20978
69588
25232
25390
55525
35567
74881
11571
22113
94770
90463
61301
69734
46536
46858
30416
65429
32734
89860
9604
44180
99208
36151
44535
35051
51260
52781
81809
62025
84085
62934
23742
68064
29329
12581
55760
19973
90867
46995
41434
63217
13378
59483
60758
13891
34216
89469
99712
10203
44756
46012
30425
62368
6169
52863
47845
9755
92332
85139
73741
85050
9130
88519
22238
38894
59568
10447
64008
95053
57473
39778
60799
31089
50467
19484
29694
24727
12290
22589
39519
28993
80044
57703
21956
91028
13940
86852
30417
36923
36303
10878
98064
898
94905
61989
52780
77564
9393
58093
19478
98590
25241
75341
16451
9985
82327
18881
3083
45572
5111
53704
81996
58663
74855
40615
2853
15345
65081
67141
24444
44459
35940
65581
67864
94851
49539
85295
82120
86603
76821
191
9882
59415
20443
66420
60516
55042
90653
27786
28543
65225
39046
12001
12135
70798
29027
41243
73341
27606
11400
79490
67524
38508
23883
21184
39943
68284
26631
47685
73362
91993
61819
34181
61045
53592
80360
94999
97956
59570
93558
96311
17337
36070
3983
39429
62096
76853
77122
9732
93898
20356
19170
18459
17323
6845
63589
62392
27389
31886
3237
51112
60490
30728
18883
71968
53317
95233
74783
88535
73602
45939
63680
10985
17082
63260
27986
72534
34920
57468
18979
92576
72110
93177
92774
4273
2385
22846
4113
93971
30520
52567
7550
52054
97553
12439
75085
18350
54348
7827
50048
21651
16127
31173
93725
29215
53696
99177
33712
78674
70126
82275
56391
14513
28328
22263
38548
71619
13140
7055
16271
9619
11546
42713
47697
27057
85766
23239
50457
77873
44490
72781
65195
3691
44889
12230
58028
37529
1965
90799
40168
3452
45346
64682
31021
72855
19321
41661
10061
593
38006
32849
7295
6743
54434
51187
71614
23545
21002
5526
46664
22569
56925
98863
26433
1983
48498
31544
7470
86039
4160
65101
11834
70705
92741
41554
2836
66928
72736
85739
48111
58652
42006
20771
15233
2816
77872
39494
69381
68876
95419
5350
27257
29876
73703
31322
67393
85744
53673
20538
47457
77626
7962
27236
9543
35091
80885
26298
37215
59582
21628
61442
31676
67714
11860
11429
39958
20653
92933
50832
12647
10540
46715
97814
8557
15348
28007
13388
77931
11548
48959
96236
96103
11521
91801
87763
81357
54912
83764
97602
54059
19071
1008
97473
50740
86181
81521
23671
59645
44958
67487
28659
93186
59480
76105
36327
12290
96488
42014
92007
671
24901
86546
88366
69567
25132
94303
77306
55342
8539
11777
36107
2330
73782
78393
82728
26037
12261
3243
23514
23350
89491
12608
48942
99064
54128
63045
88695
23770
32368
57898
8714
91006
15147
54980
66465
84266
75867
34027
39193
70569
63329
88029
67924
67467
15680
46969
96727
31201
53472
27332
15148
45346
38956
14216
47778
96585
89077
48880
50088
13844
15085
81485
10454
7974
27788
31860
84036
56358
83023
42238
20400
20575
97652
41030
59037
98430
24031
97967
93903
19735
82616
31516
97360
56640
23530
21813
33901
57459
51878
22121
79257
82480
60190
29542
71529
74201
86634
4034
1559
18613
80295
13782
98720
62542
95218
19294
60966
73299
83442
51739
37422
90679
58092
33329
14403
78864
11500
32073
59825
6168
55235
16752
64075
18639
28707
91477
47941
32311
35492
16335
15995
38070
96035
52821
62952
99064
50814
31524
63408
64811
64121
46941
90710
39361
36284
85029
57766
28306
33042
19907
76045
72599
44876
37701
96060
89520
43548
67707
73866
79518
56346
99130
86190
47498
20419
63194
21960
34748
89973
95225
10585
69093
34324
38390
66119
64822
66536
53335
29882
99494
7325
47523
69538
73936
99041
68072
12206
84083
40330
63991
27318
272
36525
11907
76338
28591
74440
99942
8065
82939
49241
78972
8547
49825
47844
50085
3359
20565
54417
66791
87774
52237
13643
98890
14574
96548
30691
12794
38496
35064
18187
22569
2411
42604
16188
35914
87047
8519
31920
32439
88306
6419
37800
5868
59694
85088
13064
42442
22080
38398
50966
99413
2803
30182
45758
85335
56307
75666
76241
64026
11923
24064
45505
56561
53384
72915
64615
97872
82507
85329
46622
8367
44123
33254
59429
28140
53720
74720
60064
48518
78409
55474
19927
5218
55703
497
17430
90826
54288
39482
33995
84873
7653
16585
87020
84432
72653
97411
47374
68276
88800
84494
75951
46285
2492
11508
47021
77945
25795
11459
13580
3319
91994
21647
77877
50861
34252
17583
71537
52163
68390
63356
36978
74853
55320
43414
20106
2949
72698
42366
59154
42774
35653
45884
90084
77458
68565
76603
78946
32917
23790
36968
45517
74367
11604
72375
55790
5014
20881
63263
14545
69666
90931
44408
68773
98768
21036
64388
60317
45296
87696
63171
81938
59094
49082
87613
4606
87676
27495
85661
80739
25215
75513
62096
80610
54846
40534
32106
12068
27038
50791
993
13045
81832
67065
81711
71460
47081
18079
99540
26916
84465
6414
11507
93998
76725
18751
58608
82332
15565
35313
