78 59
1 2
1 3
1 4
2 5
1 6
1 7
6 8
8 9
6 10
7 11
3 12
7 13
5 14
4 15
2 16
8 17
3 18
5 19
5 20
15 21
3 22
19 23
18 24
24 25
15 26
21 27
18 28
2 29
11 30
1 31
18 32
5 33
24 34
17 35
17 36
10 37
36 38
4 39
21 40
7 41
16 42
15 43
3 44
22 45
9 46
2 47
4 48
37 49
5 50
46 51
19 52
1 53
15 54
6 55
16 56
39 57
48 58
31 59
11 60
40 61
37 62
5 63
31 64
5 65
22 66
5 67
19 68
7 69
11 70
26 71
30 72
31 73
18 74
45 75
14 76
75 77
35 78
23 5
1 2
1 3
2 4
3 5
3 6
4 7
5 8
7 9
5 10
10 11
2 12
2 13
10 14
9 15
1 16
6 17
16 18
18 19
6 20
13 21
8 22
9 23
50 5
1 2
2 3
1 4
2 5
4 6
3 7
1 8
2 9
1 10
8 11
10 12
4 13
6 14
12 15
4 16
9 17
9 18
9 19
10 20
16 21
16 22
8 23
23 24
13 25
13 26
6 27
3 28
28 29
3 30
18 31
29 32
27 33
2 34
24 35
1 36
6 37
17 38
34 39
9 40
8 41
4 42
17 43
30 44
18 45
26 46
10 47
46 48
39 49
42 50
33 9
1 2
1 3
3 4
2 5
1 6
5 7
7 8
5 9
7 10
5 11
10 12
2 13
4 14
13 15
1 16
8 17
8 18
1 19
19 20
9 21
19 22
19 23
4 24
3 25
17 26
20 27
11 28
8 29
2 30
2 31
22 32
1 33
57 52
1 2
2 3
1 4
3 5
2 6
4 7
1 8
6 9
3 10
2 11
3 12
1 13
6 14
13 15
5 16
11 17
9 18
11 19
4 20
17 21
6 22
13 23
14 24
20 25
11 26
7 27
15 28
1 29
17 30
21 31
25 32
29 33
14 34
21 35
7 36
16 37
24 38
3 39
23 40
22 41
7 42
25 43
5 44
5 45
22 46
13 47
34 48
42 49
12 50
24 51
51 52
49 53
37 54
44 55
16 56
26 57
90 30
1 2
1 3
1 4
3 5
2 6
6 7
7 8
8 9
8 10
5 11
6 12
7 13
8 14
4 15
10 16
6 17
1 18
11 19
19 20
20 21
6 22
2 23
18 24
2 25
10 26
24 27
27 28
13 29
6 30
27 31
3 32
9 33
14 34
15 35
29 36
10 37
18 38
34 39
13 40
3 41
10 42
32 43
4 44
19 45
13 46
9 47
20 48
10 49
34 50
36 51
26 52
47 53
44 54
42 55
52 56
44 57
27 58
28 59
11 60
32 61
5 62
13 63
52 64
55 65
51 66
5 67
3 68
26 69
68 70
64 71
24 72
63 73
3 74
33 75
8 76
20 77
43 78
68 79
67 80
64 81
80 82
15 83
39 84
42 85
78 86
71 87
14 88
10 89
29 90
67 1
1 2
1 3
2 4
3 5
2 6
5 7
4 8
7 9
8 10
5 11
9 12
4 13
2 14
7 15
11 16
1 17
14 18
10 19
4 20
2 21
5 22
9 23
8 24
11 25
21 26
16 27
15 28
27 29
21 30
25 31
24 32
14 33
25 34
27 35
22 36
2 37
14 38
31 39
29 40
16 41
31 42
33 43
13 44
10 45
44 46
25 47
11 48
9 49
20 50
47 51
29 52
1 53
42 54
1 55
18 56
36 57
6 58
36 59
46 60
6 61
29 62
13 63
10 64
9 65
21 66
34 67
99 82
1 2
1 3
1 4
2 5
2 6
5 7
7 8
3 9
1 10
6 11
6 12
6 13
1 14
12 15
15 16
7 17
9 18
11 19
8 20
4 21
14 22
11 23
4 24
3 25
25 26
2 27
2 28
12 29
5 30
24 31
26 32
22 33
11 34
1 35
6 36
24 37
10 38
9 39
5 40
3 41
10 42
15 43
2 44
4 45
26 46
2 47
47 48
39 49
28 50
35 51
5 52
19 53
34 54
23 55
14 56
43 57
39 58
11 59
3 60
34 61
35 62
29 63
5 64
31 65
33 66
23 67
42 68
60 69
1 70
30 71
9 72
17 73
23 74
18 75
46 76
30 77
57 78
30 79
20 80
74 81
58 82
74 83
51 84
7 85
57 86
57 87
49 88
4 89
78 90
19 91
23 92
2 93
20 94
69 95
64 96
42 97
97 98
94 99
85 10
1 2
1 3
1 4
4 5
1 6
3 7
3 8
2 9
7 10
5 11
4 12
7 13
13 14
13 15
12 16
3 17
17 18
9 19
12 20
3 21
20 22
1 23
20 24
23 25
10 26
14 27
9 28
3 29
10 30
13 31
20 32
28 33
6 34
33 35
24 36
12 37
4 38
20 39
9 40
35 41
16 42
4 43
22 44
30 45
23 46
46 47
36 48
23 49
29 50
49 51
47 52
5 53
32 54
38 55
22 56
29 57
37 58
40 59
19 60
37 61
12 62
40 63
21 64
4 65
1 66
25 67
64 68
44 69
5 70
20 71
2 72
1 73
31 74
26 75
61 76
24 77
5 78
10 79
1 80
6 81
13 82
10 83
55 84
9 85
85 58
1 2
2 3
1 4
4 5
4 6
2 7
1 8
3 9
3 10
6 11
3 12
1 13
1 14
6 15
12 16
5 17
1 18
15 19
4 20
14 21
7 22
11 23
21 24
12 25
16 26
11 27
7 28
3 29
15 30
2 31
3 32
17 33
5 34
23 35
17 36
27 37
13 38
14 39
14 40
19 41
39 42
15 43
16 44
41 45
42 46
6 47
24 48
4 49
26 50
19 51
26 52
4 53
31 54
45 55
28 56
25 57
13 58
46 59
17 60
29 61
4 62
52 63
9 64
46 65
16 66
17 67
17 68
41 69
13 70
18 71
52 72
54 73
5 74
35 75
3 76
52 77
35 78
6 79
62 80
39 81
78 82
6 83
9 84
54 85
71 68
1 2
1 3
2 4
2 5
1 6
6 7
6 8
7 9
9 10
2 11
4 12
9 13
9 14
8 15
4 16
2 17
5 18
6 19
1 20
16 21
7 22
4 23
11 24
17 25
23 26
22 27
11 28
17 29
1 30
18 31
10 32
17 33
28 34
11 35
24 36
20 37
25 38
23 39
6 40
9 41
30 42
36 43
1 44
17 45
10 46
23 47
5 48
5 49
29 50
24 51
15 52
15 53
34 54
12 55
25 56
43 57
19 58
23 59
41 60
14 61
27 62
27 63
56 64
23 65
62 66
24 67
25 68
63 69
1 70
18 71
53 48
1 2
2 3
3 4
4 5
1 6
4 7
2 8
5 9
7 10
2 11
1 12
6 13
5 14
1 15
5 16
2 17
5 18
9 19
18 20
17 21
4 22
20 23
11 24
3 25
16 26
7 27
14 28
16 29
25 30
17 31
26 32
16 33
28 34
18 35
24 36
6 37
35 38
14 39
16 40
27 41
31 42
15 43
42 44
44 45
20 46
8 47
5 48
43 49
9 50
4 51
21 52
22 53
1 0
63 17
1 2
2 3
2 4
2 5
4 6
5 7
3 8
3 9
9 10
4 11
1 12
9 13
4 14
14 15
15 16
16 17
5 18
10 19
5 20
8 21
4 22
3 23
13 24
9 25
3 26
1 27
13 28
5 29
24 30
9 31
3 32
14 33
26 34
16 35
21 36
10 37
34 38
8 39
38 40
35 41
14 42
37 43
17 44
1 45
26 46
8 47
10 48
7 49
8 50
23 51
25 52
46 53
4 54
21 55
24 56
8 57
17 58
26 59
17 60
24 61
30 62
47 63
80 18
1 2
1 3
1 4
4 5
1 6
3 7
4 8
8 9
6 10
1 11
5 12
11 13
10 14
9 15
3 16
7 17
12 18
1 19
7 20
18 21
7 22
3 23
13 24
1 25
24 26
9 27
20 28
6 29
21 30
16 31
17 32
12 33
3 34
30 35
2 36
13 37
17 38
17 39
10 40
12 41
40 42
24 43
38 44
42 45
38 46
45 47
39 48
42 49
12 50
41 51
29 52
6 53
3 54
23 55
42 56
36 57
10 58
48 59
6 60
5 61
2 62
29 63
45 64
17 65
18 66
11 67
12 68
34 69
51 70
13 71
40 72
31 73
2 74
44 75
21 76
21 77
11 78
50 79
25 80
35 3
1 2
1 3
1 4
1 5
3 6
1 7
2 8
5 9
4 10
4 11
7 12
6 13
1 14
7 15
9 16
14 17
6 18
2 19
11 20
19 21
17 22
17 23
18 24
21 25
18 26
19 27
1 28
10 29
17 30
7 31
5 32
13 33
31 34
18 35
46 38
1 2
1 3
1 4
4 5
5 6
2 7
4 8
3 9
2 10
4 11
9 12
3 13
3 14
13 15
1 16
1 17
4 18
14 19
1 20
12 21
19 22
11 23
22 24
14 25
2 26
16 27
12 28
1 29
15 30
4 31
6 32
14 33
3 34
28 35
4 36
34 37
14 38
12 39
20 40
14 41
24 42
37 43
25 44
5 45
9 46
28 26
1 2
1 3
2 4
4 5
4 6
1 7
6 8
7 9
8 10
5 11
10 12
5 13
8 14
7 15
7 16
11 17
16 18
6 19
1 20
6 21
8 22
6 23
11 24
3 25
10 26
19 27
16 28
62 2
1 2
1 3
2 4
4 5
1 6
2 7
5 8
1 9
3 10
10 11
7 12
10 13
7 14
3 15
10 16
4 17
13 18
18 19
7 20
17 21
1 22
2 23
6 24
11 25
8 26
19 27
1 28
3 29
25 30
27 31
6 32
8 33
27 34
8 35
29 36
27 37
11 38
33 39
3 40
3 41
12 42
21 43
20 44
15 45
36 46
37 47
32 48
11 49
7 50
23 51
26 52
16 53
5 54
34 55
17 56
21 57
48 58
13 59
33 60
21 61
24 62
48 11
1 2
1 3
2 4
1 5
3 6
4 7
7 8
8 9
3 10
5 11
1 12
1 13
12 14
3 15
10 16
7 17
6 18
5 19
7 20
13 21
3 22
15 23
3 24
20 25
7 26
6 27
5 28
26 29
13 30
15 31
24 32
1 33
33 34
1 35
20 36
29 37
8 38
14 39
26 40
7 41
17 42
30 43
43 44
6 45
15 46
8 47
26 48
51 8
1 2
1 3
3 4
1 5
3 6
3 7
1 8
5 9
4 10
2 11
5 12
7 13
2 14
9 15
2 16
12 17
14 18
18 19
6 20
7 21
11 22
18 23
7 24
24 25
23 26
20 27
27 28
23 29
12 30
7 31
25 32
9 33
9 34
5 35
13 36
11 37
21 38
6 39
2 40
17 41
12 42
28 43
1 44
5 45
19 46
3 47
31 48
2 49
34 50
1 51
55 51
1 2
2 3
1 4
4 5
2 6
5 7
3 8
2 9
8 10
7 11
4 12
1 13
4 14
14 15
14 16
3 17
10 18
12 19
2 20
12 21
3 22
2 23
9 24
14 25
6 26
17 27
4 28
9 29
14 30
8 31
2 32
22 33
3 34
12 35
24 36
29 37
3 38
13 39
15 40
17 41
11 42
12 43
21 44
21 45
25 46
44 47
5 48
4 49
20 50
40 51
27 52
47 53
39 54
7 55
29 28
1 2
2 3
1 4
4 5
1 6
1 7
1 8
4 9
8 10
8 11
5 12
10 13
2 14
1 15
8 16
14 17
6 18
1 19
2 20
13 21
10 22
7 23
21 24
18 25
9 26
11 27
11 28
20 29
83 16
1 2
1 3
2 4
3 5
4 6
2 7
3 8
5 9
7 10
9 11
8 12
7 13
7 14
6 15
3 16
13 17
13 18
3 19
15 20
7 21
3 22
3 23
10 24
24 25
7 26
24 27
12 28
9 29
6 30
30 31
15 32
4 33
16 34
33 35
30 36
11 37
5 38
21 39
6 40
31 41
10 42
9 43
36 44
10 45
13 46
38 47
43 48
26 49
2 50
49 51
11 52
8 53
34 54
32 55
34 56
29 57
18 58
25 59
37 60
10 61
55 62
19 63
7 64
37 65
22 66
17 67
4 68
18 69
10 70
26 71
34 72
17 73
20 74
7 75
71 76
16 77
76 78
78 79
73 80
38 81
11 82
40 83
57 1
1 2
1 3
2 4
1 5
2 6
1 7
2 8
7 9
8 10
4 11
4 12
10 13
8 14
10 15
10 16
16 17
16 18
13 19
5 20
18 21
13 22
8 23
22 24
21 25
6 26
4 27
24 28
8 29
10 30
2 31
30 32
12 33
32 34
20 35
1 36
9 37
3 38
29 39
24 40
1 41
1 42
33 43
29 44
35 45
34 46
5 47
46 48
38 49
21 50
1 51
18 52
36 53
20 54
51 55
32 56
20 57
8 4
1 2
1 3
1 4
4 5
5 6
1 7
3 8
70 28
1 2
2 3
3 4
4 5
3 6
2 7
4 8
6 9
3 10
4 11
4 12
1 13
4 14
2 15
7 16
6 17
13 18
14 19
15 20
8 21
6 22
20 23
18 24
16 25
19 26
20 27
14 28
14 29
17 30
8 31
25 32
12 33
30 34
14 35
27 36
19 37
14 38
7 39
13 40
4 41
22 42
30 43
1 44
39 45
22 46
33 47
32 48
46 49
1 50
43 51
49 52
42 53
7 54
7 55
34 56
35 57
38 58
17 59
48 60
15 61
21 62
7 63
21 64
56 65
42 66
57 67
4 68
14 69
1 70
29 2
1 2
1 3
1 4
1 5
5 6
1 7
6 8
3 9
1 10
7 11
3 12
7 13
7 14
11 15
1 16
8 17
13 18
17 19
13 20
13 21
16 22
8 23
7 24
6 25
13 26
12 27
13 28
4 29
70 36
1 2
2 3
1 4
3 5
1 6
4 7
6 8
1 9
1 10
8 11
4 12
9 13
5 14
12 15
8 16
15 17
1 18
9 19
10 20
8 21
10 22
2 23
11 24
13 25
4 26
12 27
5 28
11 29
6 30
10 31
26 32
17 33
21 34
14 35
10 36
19 37
13 38
36 39
5 40
7 41
5 42
31 43
5 44
11 45
42 46
38 47
3 48
12 49
15 50
45 51
12 52
9 53
18 54
54 55
5 56
40 57
24 58
39 59
24 60
14 61
54 62
18 63
11 64
44 65
42 66
8 67
23 68
1 69
54 70
30 6
1 2
1 3
2 4
3 5
5 6
4 7
6 8
1 9
2 10
3 11
5 12
1 13
1 14
9 15
11 16
3 17
2 18
15 19
12 20
4 21
12 22
21 23
10 24
10 25
4 26
8 27
19 28
24 29
13 30
48 42
1 2
2 3
1 4
3 5
3 6
4 7
4 8
1 9
4 10
9 11
1 12
8 13
11 14
4 15
15 16
9 17
11 18
4 19
2 20
2 21
5 22
19 23
7 24
7 25
4 26
3 27
23 28
5 29
12 30
18 31
28 32
1 33
7 34
10 35
1 36
16 37
6 38
35 39
19 40
16 41
3 42
8 43
9 44
13 45
17 46
11 47
6 48
35 0
1 2
1 3
1 4
1 5
2 6
5 7
1 8
7 9
1 10
3 11
8 12
5 13
6 14
10 15
5 16
1 17
11 18
5 19
2 20
8 21
9 22
6 23
11 24
6 25
9 26
10 27
13 28
11 29
16 30
20 31
4 32
2 33
30 34
10 35
2 0
1 2
13 5
1 2
1 3
1 4
4 5
2 6
3 7
2 8
1 9
7 10
8 11
4 12
1 13
76 9
1 2
1 3
1 4
1 5
3 6
2 7
1 8
4 9
6 10
9 11
2 12
4 13
4 14
10 15
3 16
3 17
11 18
18 19
4 20
8 21
13 22
8 23
15 24
1 25
23 26
17 27
2 28
27 29
16 30
26 31
24 32
17 33
9 34
12 35
3 36
12 37
22 38
27 39
12 40
14 41
22 42
20 43
10 44
32 45
9 46
36 47
32 48
12 49
13 50
21 51
35 52
10 53
16 54
4 55
25 56
9 57
12 58
48 59
3 60
23 61
19 62
36 63
36 64
8 65
32 66
31 67
16 68
54 69
15 70
21 71
5 72
7 73
17 74
73 75
8 76
14 8
1 2
1 3
2 4
4 5
3 6
4 7
2 8
8 9
3 10
6 11
3 12
6 13
9 14
40 19
1 2
2 3
2 4
1 5
3 6
5 7
3 8
4 9
2 10
6 11
11 12
1 13
9 14
2 15
14 16
9 17
17 18
1 19
2 20
3 21
15 22
12 23
8 24
21 25
14 26
17 27
6 28
17 29
4 30
13 31
4 32
20 33
21 34
20 35
9 36
5 37
1 38
11 39
18 40
14 4
1 2
1 3
2 4
4 5
4 6
6 7
4 8
8 9
3 10
10 11
8 12
11 13
1 14
34 20
1 2
1 3
2 4
2 5
3 6
3 7
4 8
5 9
2 10
6 11
8 12
12 13
8 14
14 15
4 16
11 17
1 18
18 19
16 20
14 21
3 22
13 23
8 24
4 25
8 26
17 27
13 28
10 29
1 30
10 31
20 32
31 33
4 34
42 3
1 2
2 3
1 4
4 5
3 6
2 7
3 8
6 9
3 10
1 11
3 12
9 13
3 14
3 15
6 16
15 17
12 18
6 19
10 20
8 21
11 22
22 23
4 24
14 25
19 26
13 27
2 28
28 29
3 30
13 31
11 32
15 33
16 34
23 35
34 36
5 37
13 38
31 39
2 40
31 41
6 42
27 22
1 2
2 3
3 4
2 5
4 6
1 7
2 8
2 9
3 10
8 11
7 12
8 13
13 14
3 15
9 16
7 17
15 18
4 19
16 20
17 21
8 22
5 23
18 24
18 25
16 26
2 27
44 11
1 2
1 3
3 4
4 5
5 6
3 7
6 8
1 9
6 10
2 11
2 12
10 13
8 14
13 15
4 16
8 17
9 18
11 19
2 20
15 21
17 22
2 23
18 24
19 25
19 26
4 27
8 28
11 29
5 30
17 31
24 32
29 33
32 34
18 35
26 36
28 37
14 38
37 39
39 40
24 41
22 42
17 43
28 44
31 3
1 2
2 3
1 4
4 5
4 6
2 7
3 8
2 9
7 10
4 11
10 12
11 13
1 14
10 15
7 16
16 17
16 18
17 19
12 20
5 21
9 22
2 23
3 24
1 25
12 26
2 27
2 28
12 29
7 30
4 31
51 42
1 2
2 3
2 4
4 5
1 6
1 7
2 8
8 9
7 10
1 11
7 12
9 13
7 14
14 15
15 16
4 17
8 18
7 19
2 20
11 21
19 22
15 23
17 24
2 25
15 26
25 27
16 28
8 29
15 30
30 31
26 32
30 33
20 34
6 35
2 36
7 37
9 38
8 39
4 40
32 41
15 42
9 43
19 44
35 45
8 46
4 47
25 48
38 49
42 50
22 51
99 0
1 2
2 3
2 4
2 5
4 6
4 7
1 8
3 9
8 10
7 11
8 12
2 13
13 14
6 15
10 16
16 17
8 18
14 19
19 20
1 21
1 22
11 23
13 24
1 25
10 26
16 27
13 28
9 29
24 30
27 31
19 32
22 33
17 34
28 35
8 36
16 37
10 38
3 39
16 40
3 41
3 42
13 43
31 44
2 45
34 46
28 47
11 48
14 49
13 50
19 51
45 52
10 53
46 54
49 55
17 56
7 57
16 58
21 59
45 60
13 61
8 62
30 63
22 64
9 65
33 66
1 67
39 68
5 69
62 70
8 71
54 72
59 73
5 74
55 75
68 76
21 77
46 78
74 79
66 80
52 81
12 82
8 83
58 84
65 85
10 86
51 87
80 88
31 89
39 90
67 91
80 92
50 93
60 94
69 95
73 96
79 97
24 98
6 99
39 20
1 2
1 3
2 4
2 5
3 6
1 7
4 8
2 9
4 10
1 11
8 12
3 13
8 14
13 15
5 16
15 17
10 18
17 19
9 20
6 21
21 22
21 23
17 24
12 25
10 26
25 27
17 28
19 29
13 30
2 31
5 32
16 33
24 34
25 35
19 36
15 37
4 38
5 39
30 13
1 2
2 3
1 4
1 5
4 6
1 7
5 8
6 9
6 10
10 11
11 12
9 13
4 14
11 15
15 16
1 17
8 18
14 19
4 20
6 21
8 22
4 23
8 24
18 25
13 26
2 27
11 28
4 29
7 30
14 4
1 2
1 3
3 4
1 5
2 6
2 7
3 8
3 9
9 10
9 11
9 12
9 13
5 14
48 31
1 2
2 3
3 4
2 5
2 6
4 7
2 8
8 9
5 10
6 11
11 12
9 13
12 14
3 15
15 16
16 17
6 18
4 19
2 20
17 21
11 22
4 23
3 24
19 25
12 26
14 27
13 28
20 29
25 30
13 31
20 32
10 33
25 34
24 35
16 36
6 37
5 38
14 39
26 40
22 41
22 42
6 43
35 44
9 45
14 46
15 47
7 48
54 26
1 2
2 3
2 4
4 5
2 6
4 7
6 8
1 9
4 10
10 11
4 12
3 13
4 14
1 15
1 16
3 17
5 18
12 19
7 20
12 21
4 22
3 23
23 24
20 25
19 26
13 27
1 28
27 29
16 30
11 31
17 32
13 33
9 34
9 35
24 36
22 37
30 38
12 39
6 40
29 41
14 42
23 43
32 44
43 45
38 46
40 47
23 48
33 49
49 50
41 51
8 52
40 53
21 54
73 7
1 2
2 3
3 4
1 5
1 6
4 7
5 8
4 9
4 10
9 11
2 12
7 13
1 14
11 15
1 16
13 17
2 18
11 19
8 20
1 21
16 22
10 23
17 24
3 25
11 26
3 27
11 28
4 29
13 30
29 31
1 32
6 33
8 34
16 35
15 36
27 37
33 38
23 39
31 40
5 41
8 42
39 43
11 44
28 45
42 46
42 47
10 48
19 49
36 50
45 51
18 52
1 53
32 54
16 55
3 56
27 57
14 58
55 59
31 60
58 61
10 62
13 63
29 64
50 65
9 66
21 67
39 68
2 69
14 70
4 71
62 72
72 73
35 20
1 2
1 3
3 4
2 5
2 6
1 7
7 8
6 9
7 10
4 11
3 12
12 13
6 14
1 15
2 16
8 17
7 18
6 19
17 20
10 21
12 22
16 23
20 24
20 25
19 26
3 27
14 28
18 29
3 30
18 31
4 32
21 33
29 34
8 35
7 4
1 2
1 3
2 4
4 5
5 6
5 7
33 24
1 2
2 3
1 4
3 5
3 6
2 7
2 8
1 9
6 10
2 11
5 12
10 13
6 14
6 15
14 16
4 17
10 18
5 19
5 20
17 21
10 22
4 23
14 24
18 25
1 26
21 27
10 28
2 29
11 30
7 31
5 32
1 33
67 31
1 2
1 3
1 4
3 5
2 6
4 7
7 8
4 9
4 10
10 11
4 12
12 13
2 14
1 15
15 16
14 17
7 18
9 19
18 20
13 21
19 22
9 23
19 24
23 25
19 26
12 27
2 28
13 29
21 30
5 31
17 32
26 33
4 34
8 35
4 36
12 37
7 38
35 39
30 40
10 41
32 42
21 43
24 44
41 45
41 46
24 47
25 48
30 49
20 50
40 51
24 52
52 53
50 54
29 55
50 56
37 57
33 58
53 59
12 60
19 61
53 62
14 63
5 64
60 65
7 66
34 67
58 36
1 2
2 3
3 4
2 5
5 6
5 7
5 8
1 9
1 10
9 11
2 12
3 13
7 14
8 15
10 16
1 17
14 18
6 19
2 20
14 21
20 22
15 23
7 24
16 25
7 26
12 27
10 28
2 29
19 30
9 31
2 32
25 33
28 34
28 35
20 36
8 37
8 38
16 39
3 40
17 41
4 42
9 43
15 44
9 45
13 46
30 47
41 48
44 49
9 50
20 51
30 52
24 53
19 54
32 55
29 56
25 57
47 58
56 5
1 2
1 3
2 4
3 5
4 6
1 7
2 8
7 9
7 10
4 11
7 12
2 13
4 14
1 15
15 16
3 17
11 18
7 19
5 20
18 21
14 22
21 23
10 24
13 25
15 26
24 27
1 28
28 29
27 30
10 31
31 32
23 33
4 34
16 35
19 36
3 37
25 38
6 39
37 40
5 41
22 42
37 43
13 44
26 45
26 46
39 47
23 48
26 49
2 50
23 51
20 52
7 53
38 54
11 55
36 56
57 13
1 2
1 3
3 4
1 5
3 6
1 7
1 8
4 9
7 10
8 11
3 12
9 13
7 14
12 15
2 16
1 17
7 18
12 19
9 20
18 21
13 22
6 23
12 24
24 25
1 26
2 27
19 28
2 29
7 30
8 31
16 32
12 33
27 34
15 35
12 36
18 37
6 38
3 39
37 40
29 41
39 42
24 43
42 44
4 45
30 46
17 47
9 48
18 49
14 50
16 51
28 52
21 53
38 54
17 55
10 56
18 57
34 18
1 2
2 3
3 4
2 5
5 6
4 7
5 8
8 9
1 10
7 11
10 12
4 13
8 14
1 15
2 16
4 17
14 18
3 19
7 20
18 21
15 22
21 23
18 24
13 25
3 26
22 27
17 28
13 29
23 30
26 31
11 32
12 33
14 34
60 24
1 2
1 3
2 4
1 5
4 6
3 7
1 8
4 9
2 10
2 11
3 12
5 13
4 14
8 15
15 16
2 17
8 18
9 19
6 20
8 21
19 22
11 23
13 24
13 25
23 26
5 27
24 28
6 29
11 30
25 31
2 32
11 33
4 34
28 35
26 36
17 37
18 38
23 39
5 40
10 41
15 42
14 43
43 44
18 45
39 46
30 47
46 48
3 49
46 50
21 51
23 52
51 53
39 54
25 55
37 56
31 57
43 58
11 59
38 60
22 4
1 2
2 3
2 4
1 5
4 6
1 7
5 8
4 9
1 10
4 11
6 12
7 13
12 14
1 15
11 16
4 17
16 18
4 19
4 20
12 21
20 22
57 29
1 2
1 3
1 4
3 5
1 6
4 7
5 8
3 9
4 10
10 11
10 12
1 13
12 14
3 15
7 16
1 17
13 18
7 19
16 20
17 21
16 22
6 23
1 24
19 25
1 26
6 27
2 28
16 29
10 30
1 31
2 32
30 33
6 34
2 35
12 36
13 37
10 38
37 39
28 40
14 41
39 42
2 43
15 44
38 45
34 46
29 47
17 48
12 49
39 50
6 51
15 52
38 53
40 54
3 55
35 56
44 57
4 3
1 2
1 3
3 4
76 6
1 2
2 3
1 4
3 5
4 6
5 7
3 8
7 9
8 10
4 11
8 12
8 13
11 14
4 15
3 16
16 17
2 18
16 19
3 20
14 21
1 22
13 23
5 24
6 25
4 26
15 27
1 28
28 29
11 30
4 31
10 32
17 33
21 34
26 35
12 36
18 37
16 38
29 39
4 40
15 41
6 42
24 43
3 44
1 45
28 46
27 47
22 48
16 49
1 50
30 51
21 52
39 53
30 54
33 55
21 56
35 57
38 58
46 59
39 60
56 61
56 62
52 63
14 64
36 65
54 66
23 67
14 68
1 69
46 70
9 71
3 72
1 73
2 74
4 75
61 76
24 22
1 2
2 3
1 4
2 5
4 6
2 7
3 8
2 9
9 10
4 11
10 12
3 13
5 14
14 15
15 16
2 17
12 18
5 19
8 20
2 21
1 22
13 23
15 24
66 1
1 2
2 3
1 4
4 5
4 6
5 7
5 8
3 9
5 10
9 11
2 12
8 13
2 14
9 15
11 16
3 17
13 18
18 19
15 20
11 21
2 22
12 23
18 24
1 25
24 26
22 27
23 28
12 29
15 30
27 31
24 32
12 33
26 34
12 35
19 36
5 37
6 38
21 39
4 40
8 41
35 42
41 43
17 44
16 45
43 46
24 47
10 48
30 49
22 50
44 51
25 52
52 53
53 54
27 55
42 56
25 57
23 58
6 59
5 60
33 61
31 62
19 63
21 64
38 65
18 66
72 37
1 2
1 3
1 4
3 5
2 6
2 7
1 8
3 9
4 10
9 11
3 12
8 13
11 14
9 15
14 16
4 17
10 18
7 19
9 20
1 21
15 22
22 23
18 24
5 25
22 26
12 27
14 28
24 29
13 30
7 31
17 32
8 33
13 34
18 35
9 36
1 37
12 38
32 39
17 40
3 41
8 42
41 43
17 44
14 45
2 46
18 47
47 48
31 49
33 50
26 51
13 52
25 53
34 54
19 55
44 56
42 57
42 58
57 59
29 60
40 61
29 62
36 63
26 64
2 65
46 66
65 67
20 68
4 69
58 70
54 71
10 72
34 7
1 2
1 3
2 4
1 5
3 6
6 7
6 8
8 9
7 10
5 11
9 12
1 13
4 14
13 15
5 16
13 17
11 18
3 19
3 20
12 21
3 22
10 23
15 24
11 25
25 26
18 27
26 28
7 29
8 30
16 31
14 32
15 33
17 34
99 35
1 2
2 3
3 4
4 5
1 6
1 7
6 8
1 9
7 10
9 11
3 12
8 13
7 14
11 15
9 16
7 17
11 18
8 19
2 20
1 21
20 22
6 23
3 24
18 25
6 26
1 27
15 28
10 29
4 30
7 31
14 32
17 33
31 34
29 35
1 36
13 37
3 38
1 39
37 40
12 41
18 42
27 43
28 44
34 45
4 46
9 47
32 48
21 49
40 50
49 51
2 52
40 53
41 54
45 55
19 56
39 57
23 58
10 59
6 60
12 61
21 62
47 63
47 64
53 65
11 66
2 67
26 68
50 69
11 70
16 71
1 72
14 73
68 74
68 75
22 76
14 77
12 78
54 79
20 80
19 81
75 82
33 83
12 84
34 85
6 86
8 87
7 88
33 89
59 90
1 91
2 92
15 93
2 94
56 95
48 96
59 97
65 98
76 99
63 7
1 2
2 3
2 4
3 5
1 6
1 7
5 8
5 9
3 10
3 11
11 12
12 13
6 14
10 15
4 16
14 17
2 18
14 19
12 20
13 21
4 22
4 23
18 24
22 25
10 26
1 27
16 28
10 29
12 30
15 31
26 32
29 33
3 34
30 35
23 36
12 37
9 38
2 39
14 40
9 41
17 42
14 43
14 44
5 45
13 46
3 47
41 48
46 49
2 50
31 51
18 52
16 53
38 54
20 55
19 56
40 57
9 58
37 59
26 60
20 61
1 62
50 63
40 31
1 2
2 3
3 4
1 5
3 6
5 7
4 8
4 9
8 10
10 11
3 12
2 13
12 14
7 15
3 16
2 17
4 18
10 19
6 20
10 21
11 22
13 23
3 24
11 25
4 26
18 27
18 28
27 29
8 30
29 31
9 32
21 33
10 34
32 35
17 36
32 37
16 38
32 39
19 40
83 5
1 2
1 3
1 4
2 5
4 6
5 7
1 8
8 9
9 10
5 11
3 12
11 13
9 14
14 15
13 16
7 17
13 18
13 19
14 20
8 21
18 22
12 23
21 24
14 25
10 26
4 27
9 28
11 29
11 30
27 31
2 32
22 33
16 34
23 35
9 36
7 37
31 38
18 39
36 40
38 41
28 42
26 43
31 44
14 45
2 46
36 47
22 48
39 49
26 50
50 51
12 52
37 53
13 54
10 55
28 56
39 57
19 58
2 59
28 60
46 61
35 62
31 63
40 64
26 65
51 66
33 67
63 68
15 69
20 70
17 71
10 72
6 73
6 74
61 75
55 76
24 77
27 78
34 79
72 80
12 81
14 82
75 83
81 12
1 2
2 3
1 4
2 5
5 6
1 7
3 8
3 9
6 10
2 11
3 12
7 13
12 14
3 15
15 16
13 17
13 18
4 19
3 20
2 21
7 22
16 23
1 24
11 25
22 26
8 27
2 28
26 29
3 30
12 31
12 32
25 33
26 34
12 35
32 36
11 37
30 38
16 39
37 40
17 41
39 42
13 43
18 44
23 45
15 46
42 47
29 48
6 49
2 50
3 51
26 52
28 53
40 54
26 55
5 56
15 57
41 58
18 59
13 60
37 61
9 62
6 63
34 64
17 65
52 66
26 67
22 68
5 69
14 70
44 71
56 72
49 73
24 74
73 75
58 76
14 77
20 78
25 79
57 80
13 81
16 10
1 2
2 3
2 4
3 5
3 6
4 7
3 8
6 9
7 10
2 11
9 12
5 13
12 14
12 15
3 16
50 30
1 2
1 3
2 4
4 5
2 6
6 7
3 8
4 9
8 10
6 11
7 12
4 13
11 14
4 15
7 16
9 17
8 18
10 19
19 20
13 21
14 22
6 23
14 24
21 25
9 26
20 27
12 28
8 29
1 30
7 31
3 32
2 33
10 34
9 35
4 36
17 37
8 38
13 39
25 40
21 41
15 42
10 43
33 44
26 45
3 46
1 47
31 48
5 49
48 50
73 27
1 2
2 3
2 4
1 5
4 6
2 7
7 8
1 9
5 10
10 11
9 12
7 13
8 14
4 15
2 16
3 17
16 18
10 19
15 20
11 21
1 22
10 23
13 24
2 25
4 26
1 27
1 28
19 29
2 30
26 31
5 32
10 33
21 34
31 35
30 36
28 37
9 38
8 39
26 40
12 41
15 42
11 43
25 44
29 45
11 46
9 47
44 48
28 49
15 50
23 51
7 52
33 53
42 54
19 55
24 56
11 57
7 58
3 59
40 60
2 61
21 62
43 63
30 64
28 65
58 66
1 67
1 68
19 69
53 70
16 71
8 72
31 73
13 4
1 2
2 3
3 4
1 5
5 6
5 7
7 8
1 9
7 10
5 11
1 12
6 13
71 17
1 2
2 3
2 4
3 5
1 6
5 7
5 8
1 9
5 10
8 11
3 12
12 13
6 14
6 15
5 16
15 17
16 18
17 19
15 20
20 21
14 22
12 23
1 24
19 25
23 26
9 27
17 28
13 29
16 30
16 31
20 32
12 33
19 34
25 35
12 36
26 37
17 38
8 39
9 40
37 41
25 42
15 43
11 44
15 45
42 46
37 47
7 48
17 49
24 50
43 51
48 52
11 53
32 54
17 55
40 56
23 57
16 58
1 59
26 60
26 61
30 62
29 63
11 64
45 65
4 66
65 67
17 68
18 69
59 70
14 71
59 17
1 2
2 3
1 4
2 5
3 6
1 7
7 8
5 9
7 10
10 11
4 12
12 13
3 14
3 15
13 16
3 17
3 18
7 19
12 20
9 21
2 22
8 23
8 24
24 25
3 26
4 27
1 28
10 29
17 30
17 31
3 32
8 33
3 34
27 35
19 36
11 37
26 38
34 39
10 40
16 41
14 42
30 43
33 44
36 45
7 46
2 47
2 48
15 49
10 50
34 51
46 52
24 53
18 54
21 55
4 56
3 57
43 58
18 59
91 0
1 2
2 3
1 4
1 5
2 6
5 7
4 8
3 9
6 10
2 11
4 12
2 13
1 14
11 15
8 16
4 17
13 18
9 19
3 20
18 21
3 22
14 23
11 24
1 25
19 26
8 27
17 28
6 29
11 30
7 31
29 32
30 33
12 34
20 35
18 36
22 37
29 38
16 39
18 40
10 41
34 42
13 43
37 44
10 45
35 46
36 47
22 48
3 49
2 50
4 51
15 52
16 53
39 54
9 55
23 56
2 57
42 58
8 59
45 60
15 61
16 62
53 63
46 64
36 65
49 66
44 67
5 68
50 69
2 70
14 71
45 72
21 73
13 74
53 75
19 76
3 77
70 78
60 79
37 80
49 81
5 82
3 83
71 84
64 85
2 86
79 87
83 88
80 89
42 90
10 91
65 25
1 2
2 3
2 4
4 5
1 6
1 7
5 8
5 9
8 10
10 11
1 12
3 13
8 14
14 15
14 16
4 17
1 18
8 19
18 20
10 21
18 22
2 23
2 24
15 25
21 26
16 27
3 28
13 29
2 30
10 31
7 32
20 33
3 34
8 35
35 36
25 37
14 38
21 39
2 40
14 41
11 42
25 43
29 44
39 45
9 46
34 47
7 48
9 49
38 50
42 51
1 52
18 53
22 54
33 55
2 56
7 57
36 58
17 59
7 60
36 61
11 62
13 63
34 64
21 65
98 43
1 2
2 3
3 4
4 5
4 6
6 7
2 8
2 9
7 10
3 11
10 12
10 13
5 14
3 15
1 16
16 17
16 18
4 19
7 20
12 21
18 22
20 23
18 24
12 25
18 26
21 27
9 28
13 29
15 30
2 31
1 32
9 33
25 34
3 35
21 36
10 37
6 38
33 39
23 40
18 41
1 42
17 43
4 44
33 45
9 46
34 47
35 48
13 49
44 50
20 51
9 52
6 53
25 54
7 55
28 56
22 57
28 58
7 59
37 60
30 61
35 62
44 63
23 64
11 65
31 66
22 67
55 68
19 69
29 70
23 71
27 72
5 73
27 74
4 75
67 76
14 77
31 78
1 79
15 80
2 81
3 82
77 83
72 84
28 85
80 86
5 87
44 88
2 89
84 90
9 91
48 92
52 93
46 94
10 95
23 96
84 97
3 98
4 3
1 2
1 3
3 4
34 27
1 2
2 3
1 4
1 5
5 6
5 7
1 8
7 9
2 10
2 11
4 12
10 13
11 14
1 15
6 16
4 17
8 18
12 19
18 20
15 21
1 22
13 23
1 24
18 25
16 26
4 27
27 28
10 29
19 30
7 31
16 32
2 33
28 34
19 9
1 2
2 3
3 4
3 5
2 6
3 7
3 8
6 9
9 10
9 11
8 12
5 13
6 14
6 15
6 16
3 17
4 18
7 19
62 18
1 2
2 3
3 4
1 5
5 6
3 7
6 8
1 9
3 10
3 11
9 12
3 13
1 14
9 15
4 16
11 17
6 18
1 19
5 20
13 21
9 22
20 23
4 24
19 25
25 26
3 27
3 28
20 29
7 30
20 31
3 32
7 33
4 34
34 35
12 36
1 37
17 38
23 39
13 40
5 41
17 42
5 43
22 44
39 45
3 46
22 47
31 48
39 49
43 50
49 51
1 52
34 53
2 54
14 55
40 56
13 57
52 58
14 59
2 60
33 61
24 62
49 32
1 2
2 3
3 4
4 5
1 6
1 7
3 8
5 9
2 10
8 11
4 12
3 13
10 14
3 15
8 16
2 17
3 18
17 19
3 20
16 21
20 22
16 23
4 24
4 25
23 26
26 27
15 28
21 29
23 30
3 31
21 32
12 33
15 34
13 35
9 36
26 37
14 38
10 39
11 40
5 41
35 42
3 43
7 44
16 45
27 46
17 47
6 48
17 49
56 21
1 2
2 3
3 4
4 5
1 6
2 7
4 8
2 9
6 10
5 11
9 12
4 13
11 14
11 15
14 16
6 17
2 18
2 19
10 20
20 21
3 22
11 23
14 24
9 25
14 26
14 27
8 28
24 29
29 30
21 31
30 32
21 33
19 34
7 35
2 36
15 37
31 38
19 39
13 40
15 41
13 42
27 43
12 44
43 45
45 46
29 47
42 48
33 49
2 50
27 51
46 52
46 53
24 54
19 55
44 56
77 10
1 2
1 3
1 4
2 5
1 6
2 7
6 8
3 9
5 10
10 11
4 12
6 13
5 14
5 15
8 16
11 17
9 18
5 19
15 20
20 21
2 22
9 23
1 24
4 25
7 26
11 27
3 28
15 29
26 30
17 31
22 32
21 33
4 34
26 35
8 36
23 37
35 38
15 39
32 40
23 41
21 42
40 43
10 44
20 45
15 46
38 47
46 48
3 49
39 50
34 51
49 52
20 53
11 54
34 55
25 56
14 57
21 58
36 59
59 60
15 61
7 62
27 63
7 64
21 65
37 66
4 67
26 68
55 69
34 70
3 71
62 72
27 73
26 74
28 75
35 76
6 77
70 21
1 2
1 3
3 4
2 5
3 6
4 7
3 8
6 9
1 10
9 11
5 12
5 13
11 14
11 15
10 16
4 17
13 18
8 19
8 20
6 21
4 22
7 23
7 24
2 25
7 26
20 27
1 28
4 29
24 30
21 31
16 32
9 33
15 34
7 35
9 36
35 37
15 38
18 39
9 40
15 41
28 42
25 43
38 44
26 45
39 46
43 47
35 48
25 49
14 50
20 51
17 52
19 53
13 54
29 55
20 56
38 57
5 58
46 59
5 60
11 61
31 62
28 63
12 64
51 65
8 66
19 67
25 68
40 69
53 70
30 12
1 2
2 3
1 4
3 5
1 6
5 7
4 8
1 9
2 10
9 11
1 12
5 13
1 14
2 15
6 16
6 17
13 18
4 19
2 20
16 21
12 22
8 23
2 24
22 25
2 26
26 27
10 28
24 29
28 30
89 2
1 2
2 3
3 4
2 5
1 6
1 7
2 8
1 9
5 10
9 11
2 12
3 13
9 14
13 15
13 16
11 17
12 18
1 19
14 20
19 21
6 22
4 23
2 24
11 25
6 26
7 27
11 28
12 29
10 30
14 31
6 32
2 33
13 34
5 35
25 36
31 37
14 38
18 39
8 40
9 41
39 42
13 43
10 44
38 45
36 46
2 47
8 48
43 49
14 50
41 51
42 52
39 53
53 54
29 55
15 56
15 57
1 58
55 59
30 60
37 61
16 62
61 63
22 64
7 65
15 66
9 67
21 68
33 69
14 70
1 71
45 72
57 73
57 74
9 75
13 76
24 77
11 78
4 79
21 80
56 81
79 82
21 83
58 84
29 85
25 86
1 87
51 88
12 89
15 6
1 2
1 3
2 4
4 5
4 6
6 7
3 8
6 9
1 10
3 11
8 12
4 13
13 14
9 15
55 16
1 2
2 3
3 4
1 5
1 6
3 7
3 8
6 9
3 10
1 11
4 12
2 13
12 14
8 15
4 16
11 17
5 18
18 19
14 20
5 21
13 22
22 23
7 24
13 25
4 26
2 27
24 28
21 29
14 30
12 31
19 32
11 33
11 34
12 35
27 36
26 37
4 38
35 39
14 40
5 41
14 42
4 43
39 44
10 45
33 46
6 47
1 48
22 49
41 50
27 51
1 52
47 53
23 54
32 55
22 9
1 2
2 3
1 4
4 5
2 6
1 7
6 8
5 9
7 10
2 11
5 12
8 13
1 14
12 15
7 16
3 17
2 18
8 19
1 20
4 21
14 22
35 11
1 2
1 3
3 4
2 5
3 6
4 7
2 8
2 9
7 10
4 11
6 12
3 13
12 14
14 15
15 16
1 17
7 18
1 19
19 20
7 21
10 22
11 23
15 24
3 25
12 26
19 27
11 28
5 29
27 30
21 31
20 32
11 33
5 34
7 35
38 29
1 2
2 3
3 4
4 5
2 6
4 7
1 8
5 9
4 10
10 11
4 12
9 13
7 14
9 15
7 16
8 17
15 18
15 19
11 20
14 21
16 22
16 23
23 24
16 25
20 26
11 27
13 28
5 29
12 30
4 31
2 32
19 33
12 34
20 35
24 36
16 37
10 38
55 29
1 2
2 3
3 4
3 5
3 6
1 7
1 8
5 9
1 10
3 11
3 12
9 13
8 14
7 15
5 16
3 17
10 18
15 19
4 20
19 21
4 22
2 23
19 24
18 25
22 26
26 27
16 28
16 29
11 30
17 31
2 32
24 33
12 34
15 35
20 36
15 37
1 38
25 39
2 40
24 41
12 42
37 43
25 44
34 45
23 46
41 47
1 48
19 49
16 50
43 51
29 52
42 53
16 54
34 55
44 12
1 2
2 3
1 4
4 5
3 6
1 7
1 8
5 9
1 10
3 11
2 12
9 13
1 14
7 15
14 16
13 17
2 18
9 19
4 20
4 21
15 22
9 23
9 24
1 25
1 26
1 27
11 28
11 29
1 30
9 31
13 32
1 33
10 34
19 35
4 36
16 37
12 38
19 39
37 40
22 41
34 42
5 43
16 44
80 3
1 2
2 3
3 4
1 5
2 6
3 7
2 8
7 9
7 10
10 11
3 12
5 13
12 14
8 15
9 16
13 17
7 18
3 19
13 20
7 21
9 22
8 23
12 24
3 25
12 26
12 27
3 28
28 29
14 30
7 31
8 32
26 33
25 34
2 35
10 36
15 37
17 38
16 39
17 40
24 41
15 42
34 43
4 44
35 45
4 46
18 47
39 48
2 49
30 50
23 51
38 52
5 53
20 54
1 55
37 56
19 57
17 58
56 59
57 60
2 61
12 62
23 63
16 64
47 65
7 66
53 67
2 68
3 69
26 70
23 71
68 72
12 73
71 74
2 75
10 76
68 77
18 78
38 79
38 80
