300
1
2
3
4
5
6
7
8
9
10
11
12
13
14
15
16
17
18
19
20
21
22
23
24
25
26
27
28
29
30
31
32
33
34
35
36
37
38
39
40
41
42
43
44
45
46
47
48
49
50
51
52
53
54
55
56
57
58
59
60
61
62
63
64
65
66
67
68
69
70
71
72
73
74
75
76
77
78
79
80
81
82
83
84
85
86
87
88
89
90
91
92
93
94
95
96
97
98
99
100
100000
99999
99998
99997
99996
99995
99994
99993
99992
99991
99990
99989
99988
99987
99986
99985
99984
99983
99982
99981
99980
99979
99978
99977
99976
99975
99974
99973
99972
99971
99970
99969
99968
99967
99966
99965
99964
99963
99962
99961
99960
99959
99958
99957
99956
99955
99954
99953
99952
99951
99950
99949
99948
99947
99946
99945
99944
99943
99942
99941
99940
99939
99938
99937
99936
99935
99934
99933
99932
99931
99930
99929
99928
99927
99926
99925
99924
99923
99922
99921
99920
99919
99918
99917
99916
99915
99914
99913
99912
99911
99910
99909
99908
99907
99906
99905
99904
99903
99902
99901
361956
579013
145517
140463
515281
969586
888636
402540
152103
176573
402893
860890
580639
870045
139320
509023
27667
263305
82556
212775
563716
389630
113529
148000
801173
151741
301174
585276
845006
71051
573724
123763
467291
231663
265401
374334
690250
571511
747710
313373
215696
204467
608449
733265
517317
253432
956092
457955
156707
354014
398860
40411
974603
643
883251
556874
264705
461190
444310
35009
986539
206285
553408
142615
99861
205951
144413
641319
344368
64714
507264
420688
726670
434271
692317
461043
329639
850353
523792
794872
497240
203770
91348
237002
54687
246325
178253
625750
162464
505509
356543
738704
692963
102989
986004
173998
688148
502198
916698
545899
