45
111
59
109
99
56
135
21
113
102
181
55
156
148
7
114
10
138
194
116
57
188
35
79
161
104
142
165
198
201
80
189
106
134
92
152
136
22
167
195
70
94
196
21
36
197
81
192
81
70
55
133
204
84
6
111
182
142
71
126
90
145
109
190
25
196
88
155
164
201
96
28
90
86
195
72
77
71
59
105
87
108
32
85
138
184
143
66
72
8
186
156
99
89
93
119
79
175
20
189
123
111
12
7
143
153
73
167
18
78
66
99
132
92
131
64
22
68
124
88
22
56
39
67
140
78
132
165
199
99
149
116
156
107
69
93
54
137
54
19
161
114
64
88
152
189
98
168
203
169
203
171
19
36
33
105
60
111
65
53
204
160
164
154
13
27
42
13
110
90
26
18
151
85
100
97
20
144
12
170
107
9
135
73
191
114
172
45
20
31
44
18
137
154
119
144
128
107
104
32
