1
500 500
7266 9427 3803 4065 1964 7718 6484 6374 933 8760 644 1679 2759 1741 4761 4822 9610 1885 2295 8769 802 1794 8523 7121 1457 6595 949 9028 7536 1631 4343 4802 7410 4498 8868 9374 8569 1704 2100 9502 464 9097 7533 9576 838 2294 4398 6801 532 6693 1922 1334 4839 445 8455 6296 7040 5756 5325 4577 7387 6020 5731 4797 6871 951 523 5440 2656 2624 4942 9472 1721 8827 5400 8911 7473 9799 5712 8005 2844 7635 5691 7684 4432 499 332 7825 6255 2009 8754 9995 8030 4485 4792 4901 5437 5316 6693 4445 4292 7987 269 2365 6814 5670 1276 4287 5469 3341 8645 4665 976 4336 2349 1760 4835 9034 9585 7443 1043 8339 7438 5425 2825 8582 326 4614 250 3371 5411 4542 1358 5680 3259 8172 1350 888 8812 3171 4229 7457 4189 1557 8145 2890 3317 9333 1924 2903 6776 2968 1242 566 8393 419 5500 5072 1385 5751 8443 6796 6645 6154 8829 9905 4326 6531 793 9490 6055 1374 6947 244 2931 5093 3134 6248 4426 1411 5503 7554 4379 3098 8120 9124 9869 9972 548 1255 5723 8992 4403 8721 1498 9584 8626 2176 6116 5771 1667 8523 7145 8614 8767 6428 59 8253 9028 837 9664 4532 8391 395 7630 2863 5872 7499 9188 6420 5106 4911 1764 5862 3632 3262 5446 8610 5439 7914 733 7106 6437 7878 2072 5204 658 8484 9810 9687 9321 5826 4219 4065 2574 8201 3280 8446 2052 2468 4866 3511 3732 6631 9373 7364 9893 4819 2327 1684 2734 3060 8790 9171 7291 7215 728 7949 5699 6890 7636 1372 2716 8207 1789 1642 2760 1422 88 4813 3890 4955 4676 3974 7938 4049 7691 4183 5220 18 5868 7954 9430 1010 3478 6721 8225 558 4671 276 7448 8659 8001 6516 3219 9790 8159 5979 1212 4599 7144 1455 9554 1820 5429 3844 2221 3120 8028 7442 9490 248 1748 8921 1258 5226 5642 5836 2136 6665 6112 9584 1677 4113 2453 4896 256 6964 7227 1468 1563 724 9275 7470 8896 4705 1314 1118 4177 9342 4912 20 9590 6660 8941 7201 8239 935 3037 375 3953 9149 6312 1982 9615 8765 3230 9871 2081 6809 7691 3644 7533 6967 1114 2782 8024 2429 252 8553 8123 5164 4925 4066 8176 3866 1267 6415 1154 656 3143 1459 6157 9455 3441 5772 4572 3023 1995 6653 9832 6039 6649 7366 9358 7764 6500 3734 6545 6752 2287 1020 1916 7213 5086 6444 7431 2705 2860 4937 3361 2355 2748 5871 1810 2541 7995 2734 5564 9991 5739 5397 2382 2388 9115 1740 6504 5615 5474 9401 2367 4113 422 635 7678 1860 7079 1462 4566 6291 2751 4279 8646 5500 150 6808 8041 8146 5894 3606 4489 1633 9003 6871 374 8118 4963 3230 85 6789 2632 2452 7254 3054 3087 4933 4914 6518 2747 5832 2810 5498 6464 7808 998 6614 4617 9040 1112 511 2646 1953 8497 8001 8824 5223 2471 139 4805 2556 
429 438 1360
36 344 799
111 469 7317
68 295 6479
66 259 4288
65 226 5257
105 190 2120
103 144 6969
320 456 8544
427 460 3350
240 335 7139
195 275 335
95 494 8445
162 311 5091
228 291 8202
144 431 7927
40 100 1468
54 160 611
9 482 4931
26 435 5742
121 376 9833
16 315 4460
308 351 4554
118 148 5568
91 260 6647
42 293 8790
72 81 7389
41 93 1442
4 74 5302
99 287 5088
29 327 9708
342 363 522
44 323 8329
43 229 6798
133 149 2410
296 426 9451
349 438 5884
179 389 7476
245 473 3901
31 275 7351
60 363 1177
71 274 8870
93 448 4413
28 274 5307
73 177 3940
324 483 1217
262 434 5065
170 440 3306
413 498 6550
187 399 2432
50 103 3991
280 472 116
3 417 2563
190 268 4943
76 262 119
16 244 7442
30 85 5703
150 199 4995
197 308 407
210 447 9945
49 143 2346
181 486 7318
103 183 1734
18 450 3923
25 461 685
392 432 780
375 476 3661
430 478 8860
285 425 2908
184 347 9706
130 489 255
326 476 8435
146 428 9469
298 380 1418
110 156 5943
42 193 3334
416 473 1162
345 487 8139
122 347 275
107 305 4121
313 434 8461
262 420 7287
207 407 7066
139 176 363
95 294 8473
390 486 1514
76 310 3281
238 296 9477
377 494 5098
5 100 6903
126 265 1188
36 440 3949
227 243 5208
270 293 346
9 364 9639
105 482 6476
181 348 5285
129 418 6081
106 147 426
151 205 8526
128 460 9142
67 500 6177
293 450 771
158 438 6041
356 446 9756
279 495 7861
126 471 6393
108 254 162
41 211 7308
267 468 810
226 346 4790
226 488 1356
17 27 501
36 141 2938
34 391 1735
237 290 9013
3 59 8990
166 248 8595
207 411 7305
174 219 6572
19 382 9649
172 358 7726
28 226 4752
366 381 8639
171 399 7029
41 258 8617
271 395 7175
113 143 4341
53 208 8899
123 366 8572
290 356 942
27 439 5151
18 407 7376
122 139 1094
262 310 5992
67 143 884
190 261 3631
154 288 4273
362 481 5677
79 380 5151
304 368 3507
158 246 1885
175 397 5291
126 297 6930
220 410 6091
52 64 4509
164 449 1198
80 452 7852
205 432 3065
164 234 4143
385 467 362
213 244 5019
130 461 8546
86 273 5694
55 305 5103
146 369 6506
156 169 8522
100 206 8325
156 410 6608
327 389 2271
125 322 238
184 369 7802
204 498 114
122 250 8200
177 296 5856
322 399 9076
257 329 8744
279 387 1195
104 148 4350
213 475 6590
296 336 6715
426 480 4583
35 228 8432
136 343 3553
395 431 3229
103 181 9903
180 437 8083
68 276 8969
23 472 9469
87 174 9943
265 423 3590
348 480 4421
415 428 7455
122 199 3942
252 368 6872
334 470 404
89 149 4693
172 425 8260
248 494 5782
421 463 3869
185 258 1143
16 200 7842
122 430 1769
429 480 5742
232 372 1609
96 417 7931
353 357 7431
28 46 8855
306 373 2454
187 440 9875
161 296 411
304 496 4427
469 499 9208
120 249 3188
363 472 6271
324 420 8039
255 272 8395
187 317 1774
394 474 7147
201 413 6685
426 428 3981
81 339 5328
79 118 5148
179 199 896
219 413 2868
88 490 4287
195 381 5558
233 276 7726
402 478 2699
178 401 8963
87 105 388
296 420 4469
248 413 9047
396 443 8597
144 161 8861
2 12 1449
151 382 643
9 209 3875
287 411 6352
311 486 6882
249 450 8986
168 338 2133
267 307 4398
14 207 1340
156 158 8853
18 21 6854
172 467 6088
232 462 8596
19 189 8858
356 393 4021
275 305 769
114 495 9437
99 153 8055
359 497 9069
338 367 9726
43 384 9246
202 397 8269
15 337 6001
203 286 2871
95 144 5226
17 222 8383
187 287 6377
76 285 29
131 282 4740
200 471 9106
13 278 8341
261 377 7542
98 146 56
383 499 6110
222 378 2056
395 449 4777
33 332 2315
209 460 452
90 90 7233
142 330 3055
288 419 419
129 147 6179
23 145 9128
79 143 7862
41 365 7592
98 165 2338
227 348 2870
43 408 1329
495 497 5770
80 179 8911
466 487 3182
406 447 4180
437 469 3824
400 418 819
132 440 8035
224 389 699
62 116 9898
10 284 9305
113 356 5301
236 435 5331
273 499 5797
30 181 7743
214 466 5063
38 235 1462
357 367 5754
90 392 3642
4 443 2609
287 341 8618
146 252 8473
300 487 5759
131 485 3531
18 280 8560
231 375 3378
120 439 3464
253 477 330
220 359 4272
163 354 1275
355 463 6913
82 353 6164
152 407 7502
134 167 9839
50 414 2708
288 463 3938
78 341 57
183 305 1885
41 488 7457
246 260 7471
209 387 1825
142 152 6177
48 317 2180
171 214 8814
116 362 8227
70 78 866
8 418 1796
74 418 2478
155 413 1370
24 112 2116
83 410 3676
261 414 8317
82 438 864
119 252 3430
114 433 9545
12 183 4122
43 378 6891
26 312 1316
4 318 7729
227 430 6752
343 364 6014
19 124 2427
188 414 8508
52 384 8111
168 482 1076
27 179 111
1 408 9153
392 434 7316
209 289 133
15 290 1414
42 209 8630
79 408 3605
187 266 2518
47 318 253
151 159 2920
30 87 1450
30 198 358
203 274 4143
19 482 8931
5 123 8798
16 419 9506
401 424 7437
7 462 8202
9 25 5371
19 131 6022
51 105 2403
2 303 5932
5 212 6205
355 376 4538
286 380 8660
150 436 1676
51 443 5951
57 232 3912
433 434 420
63 158 9938
32 114 3543
435 467 7697
178 367 5201
32 425 2428
169 463 6807
105 124 2457
152 399 8007
103 130 7063
15 415 4847
72 288 8910
103 226 4875
37 121 7841
170 256 4518
180 224 9049
142 152 3069
117 460 2673
268 269 71
222 276 9052
89 191 1467
38 376 5390
101 300 493
74 175 1881
16 243 9136
386 466 4815
435 470 9809
357 429 6425
30 197 9045
324 454 3618
6 366 7706
255 325 8081
55 216 1034
61 81 107
97 442 5701
79 482 3019
246 269 4488
55 125 3268
6 333 1816
378 459 4491
317 496 8356
203 493 962
208 284 8516
120 170 4949
62 277 9045
331 492 4378
237 350 9998
190 292 8974
124 458 3980
274 353 7790
200 265 9458
254 473 451
390 435 2510
59 304 6130
253 336 9543
18 150 5534
367 380 1622
379 408 4913
353 365 888
333 490 8592
106 124 5292
78 434 5045
364 385 5934
19 396 5345
271 378 680
272 421 3049
152 307 2767
30 429 674
195 234 38
67 83 5379
28 42 8484
320 327 413
212 217 5776
4 459 2147
336 349 1769
108 381 41
414 430 4044
197 342 1073
223 388 9158
261 471 9576
140 350 6469
169 476 9296
237 389 8507
17 92 9317
164 440 1504
172 434 4611
453 475 6876
1 371 3569
223 444 5957
335 454 1279
31 326 8128
301 500 8148
41 296 6384
58 155 1476
221 472 8767
6 476 5291
87 332 7743
202 315 1596
385 497 1170
342 451 6505
121 481 5682
101 480 4483
128 249 2375
133 282 2432
106 461 9505
81 81 9010
20 372 3694
334 467 4895
63 70 6392
234 263 3694
91 383 3674
273 335 5505
83 108 8484
216 484 1118
28 268 2723
108 273 1155
136 331 4674
182 298 2860
77 212 2929
321 445 7192
15 387 6926
41 160 261
119 399 5343
102 235 4910
353 370 438
428 494 3397
84 481 2728
162 258 2525
239 470 736
400 411 8533
278 444 8771
170 222 4430
335 420 9049
155 179 5002
7 441 4723
