10 21
1	3	5	7	9	11	13	15	17	19	2	4	4	8	8	12	12	16	16	20	20
3	3	5	7	9	11	13	15	17	19	2	4	4	8	8	12	12	16	16	20	20
5	5	5	7	9	11	13	15	17	19	6	6	6	8	8	12	12	16	16	20	20
7	7	7	7	9	11	13	15	17	19	6	6	6	8	8	12	12	16	16	20	20
9	9	9	9	9	11	13	15	17	19	10	10	10	10	10	12	12	16	16	20	20
11	11	11	11	11	11	13	15	17	19	10	10	10	10	10	12	12	16	16	20	20
13	13	13	13	13	13	13	15	17	19	14	14	14	14	14	14	14	16	16	20	20
15	15	15	15	15	15	15	15	17	19	14	14	14	14	14	14	14	16	16	20	20
17	17	17	17	17	17	17	17	17	19	18	18	18	18	18	18	18	18	18	20	20
19	19	19	19	19	19	19	19	19	19	18	18	18	18	18	18	18	18	18	20	20
10 19
1	3	5	7	9	11	13	15	17	19	2	4	4	8	8	12	12	16	16
3	3	5	7	9	11	13	15	17	19	2	4	4	8	8	12	12	16	16
5	5	5	7	9	11	13	15	17	19	6	6	6	8	8	12	12	16	16
7	7	7	7	9	11	13	15	17	19	6	6	6	8	8	12	12	16	16
9	9	9	9	9	11	13	15	17	19	10	10	10	10	10	12	12	16	16
11	11	11	11	11	11	13	15	17	19	10	10	10	10	10	12	12	16	16
13	13	13	13	13	13	13	15	17	19	14	14	14	14	14	14	14	16	16
15	15	15	15	15	15	15	15	17	19	14	14	14	14	14	14	14	16	16
17	17	17	17	17	17	17	17	17	19	18	18	18	18	18	18	18	18	18
19	19	19	19	19	19	19	19	19	19	18	18	18	18	18	18	18	18	18
9 19
1	3	5	7	9	11	13	15	17	2	2	6	6	10	10	14	14	18	18
3	3	5	7	9	11	13	15	17	4	4	6	6	10	10	14	14	18	18
5	5	5	7	9	11	13	15	17	4	4	6	6	10	10	14	14	18	18
7	7	7	7	9	11	13	15	17	8	8	8	8	10	10	14	14	18	18
9	9	9	9	9	11	13	15	17	8	8	8	8	10	10	14	14	18	18
11	11	11	11	11	11	13	15	17	12	12	12	12	12	12	14	14	18	18
13	13	13	13	13	13	13	15	17	12	12	12	12	12	12	14	14	18	18
15	15	15	15	15	15	15	15	17	16	16	16	16	16	16	16	16	18	18
17	17	17	17	17	17	17	17	17	16	16	16	16	16	16	16	16	18	18
9 17
1	3	5	7	9	11	13	15	17	2	2	6	6	10	10	14	14
3	3	5	7	9	11	13	15	17	4	4	6	6	10	10	14	14
5	5	5	7	9	11	13	15	17	4	4	6	6	10	10	14	14
7	7	7	7	9	11	13	15	17	8	8	8	8	10	10	14	14
9	9	9	9	9	11	13	15	17	8	8	8	8	10	10	14	14
11	11	11	11	11	11	13	15	17	12	12	12	12	12	12	14	14
13	13	13	13	13	13	13	15	17	12	12	12	12	12	12	14	14
15	15	15	15	15	15	15	15	17	16	16	16	16	16	16	16	16
17	17	17	17	17	17	17	17	17	16	16	16	16	16	16	16	16
8 17
1	3	5	7	9	11	13	15	2	4	4	8	8	12	12	16	16
3	3	5	7	9	11	13	15	2	4	4	8	8	12	12	16	16
5	5	5	7	9	11	13	15	6	6	6	8	8	12	12	16	16
7	7	7	7	9	11	13	15	6	6	6	8	8	12	12	16	16
9	9	9	9	9	11	13	15	10	10	10	10	10	12	12	16	16
11	11	11	11	11	11	13	15	10	10	10	10	10	12	12	16	16
13	13	13	13	13	13	13	15	14	14	14	14	14	14	14	16	16
15	15	15	15	15	15	15	15	14	14	14	14	14	14	14	16	16
8 15
1	3	5	7	9	11	13	15	2	4	4	8	8	12	12
3	3	5	7	9	11	13	15	2	4	4	8	8	12	12
5	5	5	7	9	11	13	15	6	6	6	8	8	12	12
7	7	7	7	9	11	13	15	6	6	6	8	8	12	12
9	9	9	9	9	11	13	15	10	10	10	10	10	12	12
11	11	11	11	11	11	13	15	10	10	10	10	10	12	12
13	13	13	13	13	13	13	15	14	14	14	14	14	14	14
15	15	15	15	15	15	15	15	14	14	14	14	14	14	14
7 15
1	3	5	7	9	11	13	2	2	6	6	10	10	14	14
3	3	5	7	9	11	13	4	4	6	6	10	10	14	14
5	5	5	7	9	11	13	4	4	6	6	10	10	14	14
7	7	7	7	9	11	13	8	8	8	8	10	10	14	14
9	9	9	9	9	11	13	8	8	8	8	10	10	14	14
11	11	11	11	11	11	13	12	12	12	12	12	12	14	14
13	13	13	13	13	13	13	12	12	12	12	12	12	14	14
7 13
1	3	5	7	9	11	13	2	2	6	6	10	10
3	3	5	7	9	11	13	4	4	6	6	10	10
5	5	5	7	9	11	13	4	4	6	6	10	10
7	7	7	7	9	11	13	8	8	8	8	10	10
9	9	9	9	9	11	13	8	8	8	8	10	10
11	11	11	11	11	11	13	12	12	12	12	12	12
13	13	13	13	13	13	13	12	12	12	12	12	12
6 13
1	3	5	7	9	11	2	4	4	8	8	12	12
3	3	5	7	9	11	2	4	4	8	8	12	12
5	5	5	7	9	11	6	6	6	8	8	12	12
7	7	7	7	9	11	6	6	6	8	8	12	12
9	9	9	9	9	11	10	10	10	10	10	12	12
11	11	11	11	11	11	10	10	10	10	10	12	12
6 11
1	3	5	7	9	11	2	4	4	8	8
3	3	5	7	9	11	2	4	4	8	8
5	5	5	7	9	11	6	6	6	8	8
7	7	7	7	9	11	6	6	6	8	8
9	9	9	9	9	11	10	10	10	10	10
11	11	11	11	11	11	10	10	10	10	10
5 11
1	3	5	7	9	2	2	6	6	10	10
3	3	5	7	9	4	4	6	6	10	10
5	5	5	7	9	4	4	6	6	10	10
7	7	7	7	9	8	8	8	8	10	10
9	9	9	9	9	8	8	8	8	10	10
